0	68	1
0	178	1
0	2134	1
0	2150	1
0	2544	1
0	2569	1
0	2843	1
0	3101	1
0	3544	1
0	3562	1
0	3964	1
0	4011	1
0	4061	1
0	5544	1
0	5917	1
0	6170	1
0	6233	1
0	7480	1
1	197	1
1	2781	1
1	2968	1
1	3429	1
1	3547	1
1	4638	1
1	4783	1
1	5312	1
1	5746	1
1	6054	1
1	6533	1
1	6675	1
1	6716	1
1	7068	1
1	7668	1
2	34	1
2	55	1
2	64	1
2	70	1
2	73	1
2	102	1
2	136	1
2	174	1
2	179	1
2	197	1
2	200	1
2	462	1
2	484	1
2	558	1
2	596	1
2	796	1
2	1086	1
2	1957	1
2	2013	1
2	2056	1
2	2115	1
2	2134	1
2	2325	1
2	2465	1
2	2472	1
2	2516	1
2	2543	1
2	2544	1
2	2558	1
2	2561	1
2	2593	1
2	2598	1
2	2622	1
2	2639	1
2	2708	1
2	2745	1
2	2781	1
2	2788	1
2	2873	1
2	2888	1
2	3101	1
2	3142	1
2	3163	1
2	3180	1
2	3232	1
2	3238	1
2	3334	1
2	3346	1
2	3348	1
2	3379	1
2	3384	1
2	3461	1
2	3492	1
2	3496	1
2	3544	1
2	3570	1
2	3707	1
2	3738	1
2	3826	1
2	3880	1
2	3895	1
2	3937	1
2	3998	1
2	4011	1
2	4050	1
2	4057	1
2	4060	1
2	4061	1
2	4211	1
2	4212	1
2	4259	1
2	4465	1
2	4470	1
2	4511	1
2	4542	1
2	4603	1
2	4637	1
2	4665	1
2	4788	1
2	4795	1
2	4800	1
2	4938	1
2	4993	1
2	5092	1
2	5097	1
2	5222	1
2	5225	1
2	5226	1
2	5245	1
2	5364	1
2	5542	1
2	5555	1
2	5623	1
2	5650	1
2	5666	1
2	5737	1
2	5825	3
2	5863	1
2	5887	1
2	5927	1
2	5933	2
2	5974	1
2	6101	1
2	6114	1
2	6142	1
2	6144	1
2	6159	1
2	6170	1
2	6173	1
2	6227	1
2	6233	1
2	6272	1
2	6319	1
2	6372	1
2	6390	1
2	6466	1
2	6489	1
2	6606	1
2	6652	1
2	6736	1
2	6744	1
2	6817	1
2	6829	1
2	6916	1
2	6931	1
2	6958	1
2	7069	1
2	7077	1
2	7098	1
2	7126	1
2	7174	1
2	7213	1
2	7224	1
2	7247	2
2	7386	1
2	7451	1
2	7531	1
2	7534	1
2	7582	1
2	7583	1
2	7628	1
2	7635	2
2	7658	1
3	37	1
3	38	1
3	64	1
3	125	1
3	166	1
3	479	1
3	2051	1
3	2099	1
3	2544	1
3	2545	1
3	2558	1
3	2639	1
3	2798	1
3	2843	1
3	2869	1
3	3110	1
3	3350	1
3	3563	1
3	3799	1
3	3994	1
3	4402	1
3	4665	1
3	4861	1
3	5029	1
3	5031	1
3	5584	1
3	5650	1
3	5703	1
3	5741	1
3	5855	1
3	5920	1
3	5970	1
3	6006	1
3	6270	1
3	6319	1
3	6415	1
3	6533	1
3	6740	1
3	7584	1
3	7633	1
3	7661	1
4	2152	1
4	2544	1
4	2700	1
4	2781	1
4	5020	1
5	178	1
5	3933	1
5	5078	1
5	7617	1
6	3553	1
6	6146	1
6	6458	1
6	7068	1
7	125	1
7	223	1
7	3747	1
7	4576	1
7	4798	1
7	5144	1
7	6013	1
7	6415	1
7	7128	1
8	2299	1
8	4015	1
8	4798	1
8	7383	1
9	2422	1
9	2639	1
9	3146	1
9	4011	1
9	6227	1
10	129	1
10	195	1
10	2116	1
10	2544	1
10	3350	1
10	3902	1
10	5004	1
10	5887	1
10	5993	1
10	7174	1
10	7617	1
11	2090	1
11	2374	1
11	5739	1
11	5825	2
11	6374	1
11	7126	1
11	7135	1
11	7684	1
12	148	1
12	5074	1
12	5097	2
12	6806	1
13	63	1
13	571	1
13	1083	1
13	2116	1
13	4387	1
14	1	1
14	5084	1
14	6939	1
14	7461	1
14	7481	1
15	71	1
15	176	1
15	224	1
15	2128	1
15	2598	1
15	2884	1
15	3434	1
15	3848	1
15	3994	1
15	4046	1
15	4057	1
15	4784	1
15	4964	1
15	5039	1
15	5597	1
15	6096	1
15	6137	1
15	6806	1
15	7056	1
15	7481	1
15	7605	1
16	5364	1
16	6415	1
16	6953	1
17	2573	1
17	2639	1
17	2799	1
17	3116	1
17	3769	1
17	5825	1
17	5917	1
17	6112	1
17	6114	1
17	6134	1
17	6898	1
17	6957	1
17	7137	1
17	7377	1
18	36	1
18	60	1
18	69	1
18	3994	1
18	5062	1
18	5475	1
18	5749	1
18	7120	1
19	68	1
19	69	1
19	170	1
19	301	1
19	2146	1
19	3418	1
19	3973	1
19	4150	1
19	4415	1
19	5455	1
19	6249	1
20	36	1
20	82	1
20	111	1
20	132	1
20	140	1
20	164	1
20	208	1
20	209	1
20	251	1
20	291	1
20	417	1
20	461	1
20	478	1
20	484	1
20	686	1
20	1741	1
20	1770	1
20	1835	1
20	2051	2
20	2056	1
20	2134	1
20	2151	1
20	2156	1
20	2163	1
20	2441	1
20	2515	1
20	2544	1
20	2569	1
20	2639	1
20	2714	1
20	2781	2
20	2790	1
20	2795	1
20	2840	1
20	2869	1
20	2875	1
20	2960	1
20	3050	1
20	3126	1
20	3146	2
20	3391	2
20	3426	1
20	3441	1
20	3526	1
20	3551	1
20	3562	1
20	3765	1
20	3783	1
20	3799	1
20	3845	1
20	3866	1
20	3909	1
20	3964	1
20	3995	1
20	3998	1
20	4017	1
20	4186	1
20	4341	1
20	4350	1
20	4394	1
20	4459	1
20	4566	1
20	4620	1
20	4786	2
20	4800	1
20	4967	1
20	5004	1
20	5016	1
20	5021	1
20	5056	1
20	5062	1
20	5317	1
20	5385	1
20	5404	1
20	5453	1
20	5490	2
20	5581	1
20	5664	1
20	5825	1
20	5871	1
20	5874	1
20	5928	1
20	5933	3
20	5942	1
20	5974	1
20	5993	1
20	6126	1
20	6148	1
20	6155	1
20	6188	1
20	6235	1
20	6374	1
20	6392	1
20	6568	1
20	6642	1
20	6796	1
20	6805	1
20	6811	1
20	6939	1
20	6985	1
20	7069	1
20	7098	1
20	7102	1
20	7126	2
20	7373	1
20	7383	1
20	7385	1
20	7386	1
20	7406	1
20	7454	2
20	7463	1
20	7501	1
20	7520	1
20	7534	1
20	7584	1
20	7636	1
20	7638	1
20	7678	1
20	7692	1
21	138	1
21	336	1
21	4037	1
21	5080	1
22	3	1
22	198	1
22	329	1
22	716	1
22	845	1
22	1138	1
22	2760	1
22	3009	1
22	3115	1
22	3734	1
22	3932	1
22	4143	1
22	4144	1
22	4210	1
22	5157	1
22	5653	1
22	6554	1
22	6745	1
22	6961	1
22	7181	1
22	7452	1
22	7682	1
23	5	1
23	11	1
23	25	1
23	40	1
23	56	1
23	75	1
23	77	1
23	78	1
23	92	1
23	110	1
23	113	1
23	129	1
23	134	1
23	169	1
23	211	1
23	215	1
23	216	1
23	229	1
23	231	1
23	243	1
23	296	1
23	386	1
23	425	1
23	432	1
23	444	1
23	498	1
23	532	1
23	550	1
23	577	1
23	604	1
23	689	1
23	865	1
23	1080	1
23	1095	1
23	1793	1
23	1837	1
23	2070	1
23	2137	1
23	2418	1
23	2437	1
23	2525	1
23	2544	1
23	2594	1
23	2639	1
23	2781	1
23	2925	1
23	2959	1
23	2962	1
23	3007	1
23	3147	1
23	3170	1
23	3202	1
23	3753	1
23	3785	1
23	3896	1
23	3905	1
23	3916	1
23	3935	1
23	3984	2
23	4015	1
23	4018	1
23	4081	1
23	4355	1
23	4413	1
23	4418	1
23	4535	1
23	4571	1
23	4573	1
23	4656	1
23	4787	1
23	4837	1
23	4838	1
23	4899	1
23	4927	1
23	4960	2
23	4976	1
23	4984	1
23	5031	1
23	5053	1
23	5056	1
23	5067	1
23	5068	1
23	5088	1
23	5178	1
23	5259	1
23	5282	1
23	5287	1
23	5451	1
23	5455	1
23	5639	1
23	5640	1
23	5646	1
23	5661	1
23	5669	1
23	5690	1
23	5731	1
23	5757	1
23	5801	1
23	5808	1
23	5825	3
23	5858	1
23	5874	1
23	5895	1
23	5903	1
23	5917	1
23	6023	1
23	6036	1
23	6037	1
23	6099	1
23	6123	1
23	6270	1
23	6289	1
23	6310	1
23	6311	1
23	6415	1
23	6429	1
23	6454	1
23	6525	1
23	6532	1
23	6546	1
23	6602	1
23	6715	1
23	6783	1
23	6799	1
23	6806	1
23	6808	1
23	6839	1
23	6910	1
23	6963	1
23	6965	1
23	7035	1
23	7061	1
23	7079	1
23	7169	1
23	7291	2
23	7327	1
23	7328	1
23	7335	1
23	7380	1
23	7451	1
23	7461	1
23	7497	1
23	7528	1
23	7534	1
23	7567	1
23	7643	1
23	7661	1
23	7679	1
23	7692	3
24	2661	1
24	2948	1
24	3738	1
24	3765	1
24	3802	1
24	5364	1
24	6140	1
24	6319	1
24	6781	1
25	422	1
25	424	1
25	5317	1
26	3388	1
26	3857	1
26	5317	1
26	6339	1
26	7068	1
26	7386	1
27	170	1
27	2545	1
27	2561	1
27	5451	1
27	6272	1
27	7374	1
27	7420	1
27	7511	1
28	110	1
28	129	1
28	210	1
28	213	1
28	2648	1
28	3082	1
28	3146	1
28	3418	1
28	4048	1
28	4465	1
28	4573	1
28	5062	1
28	5077	1
28	5475	1
28	5621	1
28	6339	1
28	7174	1
28	7298	1
28	7328	1
28	7461	1
29	25	1
29	30	1
29	33	1
29	34	1
29	50	1
29	56	1
29	84	1
29	95	1
29	100	1
29	147	1
29	163	1
29	170	1
29	181	1
29	191	1
29	202	1
29	207	1
29	250	1
29	254	1
29	321	1
29	348	1
29	421	1
29	430	1
29	622	1
29	672	1
29	673	1
29	707	3
29	827	1
29	879	1
29	1049	1
29	1158	1
29	1370	1
29	1772	1
29	2070	1
29	2094	1
29	2185	1
29	2284	1
29	2401	1
29	2571	1
29	2594	1
29	2603	1
29	2604	1
29	2624	1
29	2639	4
29	2729	1
29	2765	2
29	2781	2
29	2798	1
29	2933	1
29	2946	1
29	2948	1
29	2989	1
29	3044	1
29	3078	1
29	3088	1
29	3102	1
29	3146	4
29	3169	1
29	3223	1
29	3248	1
29	3361	1
29	3371	1
29	3738	1
29	3773	1
29	3814	1
29	3845	1
29	3897	1
29	3911	1
29	3913	1
29	3943	1
29	3964	1
29	3975	1
29	4011	1
29	4022	1
29	4027	1
29	4160	1
29	4318	1
29	4325	1
29	4347	1
29	4350	2
29	4372	1
29	4379	1
29	4407	1
29	4415	1
29	4418	1
29	4449	1
29	4768	1
29	4993	1
29	4999	1
29	5004	2
29	5022	1
29	5026	1
29	5089	1
29	5102	1
29	5108	1
29	5125	1
29	5158	1
29	5228	1
29	5265	1
29	5272	1
29	5294	1
29	5297	1
29	5543	1
29	5554	1
29	5562	1
29	5583	1
29	5590	1
29	5597	1
29	5620	1
29	5622	2
29	5630	1
29	5633	1
29	5640	1
29	5645	1
29	5653	2
29	5663	1
29	5686	1
29	5717	1
29	5737	1
29	5745	1
29	5765	1
29	5825	2
29	5833	1
29	5850	1
29	5858	1
29	5892	1
29	5894	1
29	5901	1
29	5902	1
29	5905	1
29	5928	1
29	5938	1
29	5941	1
29	5958	1
29	5988	1
29	6096	1
29	6097	1
29	6100	1
29	6161	2
29	6234	1
29	6270	1
29	6278	1
29	6318	1
29	6432	1
29	6459	1
29	6463	1
29	6532	1
29	6592	1
29	6601	1
29	6829	1
29	6850	1
29	6902	1
29	6928	1
29	6939	1
29	7031	1
29	7107	1
29	7412	1
29	7490	1
29	7510	1
29	7513	1
29	7528	1
29	7565	1
29	7616	2
29	7636	2
29	7655	1
29	7674	2
30	130	1
30	1792	1
30	3898	1
30	4262	1
30	4382	1
30	4788	1
30	4792	1
30	5276	1
30	5643	1
31	369	1
31	451	1
31	474	1
31	721	1
31	1764	1
31	3566	1
31	4418	2
31	4782	1
31	5406	1
31	5718	1
31	6072	1
32	3590	1
32	4419	1
32	7420	1
33	45	1
33	57	1
33	84	1
33	132	1
33	181	1
33	2134	1
33	2561	1
33	2575	1
33	3738	1
33	3765	1
33	3887	1
33	3894	1
33	4329	1
33	4465	1
33	4573	1
33	5737	1
33	6452	1
34	2070	1
34	2123	1
34	3267	1
34	5385	1
34	6135	1
34	7174	1
34	7224	1
34	7581	1
35	215	1
35	2501	1
35	2661	1
35	4608	1
35	5062	1
35	5087	1
35	5993	1
35	6080	1
35	6442	1
35	7461	1
36	4366	1
36	4963	1
36	5545	1
36	7454	1
37	3918	1
37	4039	1
37	4349	1
37	5543	1
37	5825	1
37	6112	1
37	6168	1
37	7668	1
38	82	1
38	133	1
38	2558	1
38	4329	1
38	5581	1
38	5703	2
38	6647	1
38	6824	1
39	35	1
39	219	1
39	370	1
39	445	1
39	476	1
39	482	1
39	511	1
39	734	1
39	1853	1
39	2036	1
39	2046	1
39	2165	1
39	2177	1
39	2445	1
39	2464	1
39	2542	1
39	2622	1
39	2639	1
39	2646	1
39	2798	1
39	2859	1
39	2891	1
39	2927	1
39	2952	1
39	3113	1
39	3414	1
39	3465	1
39	3520	1
39	3567	1
39	3584	1
39	3764	1
39	3932	1
39	3944	1
39	4158	1
39	4241	1
39	4350	1
39	4352	1
39	4375	1
39	4397	1
39	4409	2
39	4416	1
39	4563	1
39	4580	1
39	4612	1
39	4650	1
39	4781	1
39	4783	1
39	4794	1
39	4826	1
39	4964	1
39	5026	2
39	5339	1
39	5378	1
39	5428	1
39	5447	1
39	5453	1
39	5455	2
39	5583	1
39	5585	1
39	5604	1
39	5653	1
39	5805	1
39	5825	1
39	5884	1
39	5885	1
39	5895	1
39	5917	1
39	5922	1
39	5962	1
39	5966	1
39	5970	1
39	5971	1
39	5974	1
39	6206	1
39	6357	1
39	6458	1
39	6472	1
39	6473	1
39	6590	1
39	6981	1
39	7065	1
39	7086	1
39	7101	1
39	7117	1
39	7129	1
39	7174	2
39	7224	1
39	7534	1
39	7540	2
39	7559	1
39	7640	1
40	51	1
40	96	1
40	177	1
40	235	1
40	327	1
40	378	1
40	395	1
40	434	1
40	586	1
40	594	1
40	600	1
40	632	1
40	638	1
40	642	1
40	650	1
40	700	1
40	753	1
40	880	1
40	975	1
40	999	1
40	1870	1
40	1967	1
40	2281	1
40	2300	1
40	2332	1
40	2360	1
40	2374	1
40	2414	1
40	2464	1
40	2510	1
40	2514	1
40	2765	1
40	2766	1
40	2781	1
40	2849	1
40	2904	1
40	2936	1
40	2938	1
40	2948	1
40	2993	1
40	3029	1
40	3034	1
40	3049	1
40	3365	1
40	3423	1
40	3506	1
40	3515	1
40	3521	1
40	3531	1
40	3567	1
40	3571	1
40	3750	1
40	3759	1
40	3761	1
40	3762	1
40	3788	1
40	3825	1
40	3897	1
40	3898	1
40	3899	1
40	3904	1
40	3946	1
40	4059	1
40	4160	1
40	4417	1
40	4459	1
40	4783	1
40	4885	1
40	4897	1
40	4925	1
40	4941	1
40	5046	1
40	5074	1
40	5090	1
40	5097	1
40	5110	1
40	5122	1
40	5282	1
40	5449	1
40	5475	1
40	5531	1
40	5545	1
40	5645	1
40	5652	1
40	5660	1
40	5750	1
40	5816	1
40	5825	2
40	5873	1
40	5937	1
40	6016	1
40	6044	1
40	6098	1
40	6123	1
40	6205	1
40	6210	1
40	6272	1
40	6315	1
40	6366	1
40	6368	1
40	6493	1
40	6571	1
40	6589	1
40	6605	1
40	6654	1
40	6778	1
40	6822	1
40	6907	1
40	6933	1
40	6938	1
40	7024	1
40	7078	1
40	7117	1
40	7175	1
40	7197	1
40	7203	1
40	7247	1
40	7304	1
40	7312	1
40	7344	1
40	7345	1
40	7392	1
40	7394	1
40	7451	1
40	7458	1
40	7521	1
40	7524	1
40	7579	1
40	7584	1
40	7595	1
40	7638	1
40	7641	1
40	7659	1
40	7674	1
40	7692	1
41	32	1
41	36	1
41	42	1
41	61	1
41	74	1
41	92	1
41	146	1
41	188	1
41	198	1
41	209	1
41	216	1
41	323	1
41	335	1
41	366	1
41	370	1
41	393	1
41	442	1
41	463	1
41	488	1
41	534	1
41	564	1
41	570	1
41	612	1
41	729	1
41	736	1
41	1097	1
41	1777	1
41	1809	1
41	1891	1
41	2144	1
41	2299	1
41	2441	1
41	2476	1
41	2545	2
41	2593	1
41	2639	1
41	2648	1
41	2658	1
41	2662	1
41	2766	1
41	2799	1
41	2840	1
41	2845	1
41	2906	1
41	3170	1
41	3323	1
41	3344	1
41	3346	1
41	3359	1
41	3371	1
41	3375	1
41	3391	1
41	3429	1
41	3439	1
41	3667	1
41	3738	1
41	3748	1
41	3800	1
41	3803	1
41	4092	1
41	4183	1
41	4323	1
41	4438	1
41	4486	1
41	4502	1
41	4660	1
41	4705	1
41	4774	1
41	4781	1
41	4800	1
41	4804	1
41	4988	1
41	5016	1
41	5178	1
41	5197	1
41	5312	1
41	5521	1
41	5586	1
41	5594	1
41	5597	1
41	5653	1
41	5665	1
41	5695	1
41	5760	1
41	5824	1
41	5825	1
41	5832	1
41	5861	1
41	5874	1
41	5921	1
41	6007	1
41	6039	1
41	6050	1
41	6060	1
41	6100	1
41	6136	1
41	6163	1
41	6168	1
41	6287	1
41	6341	1
41	6349	1
41	6415	1
41	6439	1
41	6454	1
41	6526	1
41	6546	1
41	6645	1
41	6695	1
41	6706	1
41	6762	1
41	6842	1
41	6844	1
41	6910	1
41	7001	1
41	7056	1
41	7059	1
41	7068	1
41	7072	1
41	7084	1
41	7122	1
41	7129	1
41	7223	3
41	7224	1
41	7271	1
41	7392	1
41	7460	1
41	7469	1
41	7474	1
41	7489	1
41	7530	1
41	7560	1
41	7563	1
41	7582	1
41	7587	1
41	7592	1
41	7616	1
41	7626	1
41	7636	1
41	7641	1
41	7682	1
41	7692	1
42	154	1
42	1628	1
42	1857	1
42	2428	2
42	2429	1
42	4043	1
42	4124	1
42	4451	1
42	5986	1
42	6261	1
42	6648	1
42	6869	1
42	6979	1
42	6994	1
42	7256	1
42	7661	1
43	69	1
43	106	1
43	135	1
43	2544	1
43	2982	1
43	3887	1
43	3897	1
43	4413	1
43	4640	2
43	4938	1
43	5067	1
43	5159	1
43	5382	1
43	5597	1
43	5650	1
43	5666	1
43	5858	1
43	7328	1
43	7374	1
44	161	1
44	3940	1
44	6126	1
44	7454	1
45	107	1
45	2930	1
45	3506	1
45	3823	1
45	4350	1
45	6098	1
46	4287	1
46	4761	1
46	5145	1
46	7129	1
47	2736	1
47	3912	1
47	6546	1
47	6776	1
47	7676	1
48	2374	1
48	2765	1
48	3888	1
48	3964	1
48	3973	1
48	5917	1
48	6071	1
48	6139	1
49	40	1
49	203	1
49	272	1
49	5635	1
49	7676	1
50	2544	1
50	3408	1
50	4670	1
50	6415	1
50	6424	1
51	2114	1
51	4373	1
51	5034	1
51	5470	1
51	5825	2
51	5906	1
51	6236	1
51	6763	1
51	7072	1
51	7622	1
52	17	1
52	28	1
52	81	1
52	82	1
52	83	1
52	105	1
52	107	1
52	120	1
52	145	1
52	156	1
52	158	1
52	162	1
52	196	1
52	220	1
52	238	1
52	249	1
52	257	1
52	285	1
52	289	1
52	290	1
52	309	1
52	345	1
52	354	1
52	361	1
52	370	1
52	422	1
52	426	1
52	429	1
52	433	1
52	439	1
52	444	1
52	455	1
52	457	1
52	523	1
52	525	1
52	539	1
52	547	1
52	588	1
52	589	1
52	592	1
52	624	1
52	626	1
52	627	1
52	628	1
52	652	1
52	658	1
52	659	1
52	715	1
52	739	1
52	772	1
52	832	1
52	910	1
52	921	1
52	967	1
52	971	1
52	1096	1
52	1124	1
52	1134	1
52	1142	1
52	1177	1
52	1179	1
52	1216	1
52	1237	1
52	1250	1
52	1288	1
52	1374	1
52	1380	1
52	1801	1
52	1816	1
52	1885	1
52	1912	1
52	1954	1
52	1972	1
52	2013	1
52	2038	1
52	2058	1
52	2087	1
52	2092	1
52	2100	1
52	2153	1
52	2154	1
52	2155	1
52	2158	1
52	2173	1
52	2179	1
52	2183	1
52	2187	1
52	2282	1
52	2294	1
52	2351	1
52	2374	1
52	2466	1
52	2488	1
52	2541	1
52	2618	1
52	2639	2
52	2641	1
52	2769	1
52	2781	1
52	2845	1
52	2860	1
52	2866	1
52	2906	1
52	2925	1
52	2926	1
52	2954	1
52	2984	1
52	2991	1
52	3000	1
52	3010	1
52	3011	1
52	3147	1
52	3237	1
52	3283	1
52	3314	1
52	3351	1
52	3361	1
52	3381	1
52	3520	1
52	3540	1
52	3576	1
52	3615	1
52	3661	1
52	3662	1
52	3795	1
52	3796	1
52	3802	1
52	3808	1
52	3843	1
52	3850	1
52	3879	1
52	3887	1
52	3958	1
52	3995	1
52	4083	1
52	4090	1
52	4091	1
52	4155	1
52	4222	1
52	4231	1
52	4237	1
52	4243	1
52	4270	1
52	4272	1
52	4332	1
52	4459	1
52	4471	1
52	4473	1
52	4479	1
52	4493	1
52	4495	1
52	4496	1
52	4499	1
52	4512	1
52	4514	1
52	4580	1
52	4584	1
52	4604	1
52	4615	1
52	4618	1
52	4634	1
52	4636	1
52	4641	1
52	4680	1
52	4684	1
52	4695	1
52	4738	1
52	4743	1
52	4744	1
52	4758	1
52	4759	1
52	4765	1
52	4787	1
52	5074	1
52	5075	1
52	5166	1
52	5223	1
52	5224	1
52	5283	1
52	5341	1
52	5345	1
52	5362	1
52	5393	1
52	5407	1
52	5434	1
52	5440	1
52	5478	1
52	5496	1
52	5499	1
52	5602	1
52	5620	1
52	5723	1
52	5793	1
52	5798	1
52	5814	1
52	5825	3
52	5831	1
52	5855	1
52	5917	1
52	5926	1
52	5937	1
52	5947	1
52	5978	1
52	6008	1
52	6013	1
52	6033	1
52	6035	1
52	6052	1
52	6096	1
52	6109	1
52	6115	1
52	6133	1
52	6141	1
52	6182	1
52	6184	1
52	6187	1
52	6225	1
52	6301	1
52	6402	1
52	6410	1
52	6437	2
52	6438	1
52	6520	1
52	6539	2
52	6589	1
52	6629	1
52	6661	1
52	6687	1
52	6739	1
52	6779	1
52	6806	1
52	6810	1
52	6825	1
52	6899	1
52	6908	1
52	6928	2
52	6956	1
52	6999	1
52	7000	1
52	7068	1
52	7198	1
52	7242	1
52	7247	1
52	7270	1
52	7283	1
52	7299	1
52	7312	1
52	7315	1
52	7334	1
52	7387	1
52	7391	1
52	7392	1
52	7402	1
52	7419	1
52	7501	1
52	7503	1
52	7529	1
52	7541	1
52	7597	1
52	7600	1
52	7601	1
52	7609	1
52	7636	1
52	7675	1
52	7686	1
52	7700	1
52	7707	1
53	63	1
53	164	1
53	3544	1
53	4402	1
53	5871	1
53	7374	1
53	7453	1
54	174	1
54	3050	1
54	4110	1
54	5743	1
54	6268	1
55	65	1
55	68	1
55	78	1
55	2299	1
55	2603	1
55	3541	1
55	3544	1
55	4360	1
56	19	1
56	27	1
56	40	1
56	41	1
56	62	1
56	106	1
56	126	1
56	143	1
56	144	1
56	152	1
56	212	1
56	217	1
56	313	1
56	367	1
56	380	1
56	389	1
56	447	1
56	488	1
56	511	1
56	532	1
56	637	1
56	655	1
56	662	1
56	1774	1
56	2098	1
56	2119	1
56	2123	1
56	2463	1
56	2545	1
56	2553	1
56	2565	1
56	2566	1
56	2602	1
56	2639	1
56	2658	1
56	2731	1
56	2834	1
56	2853	1
56	2870	1
56	2875	1
56	2924	1
56	3064	1
56	3319	1
56	3583	1
56	3787	1
56	3806	1
56	3921	1
56	3977	1
56	4263	1
56	4268	1
56	4298	1
56	4366	1
56	4407	1
56	4408	1
56	4418	1
56	4484	1
56	4589	1
56	4620	1
56	4632	1
56	4653	1
56	4829	1
56	5058	1
56	5090	1
56	5117	1
56	5149	1
56	5192	1
56	5197	1
56	5407	1
56	5470	1
56	5825	1
56	5832	1
56	5850	1
56	5921	1
56	5985	1
56	6135	1
56	6138	1
56	6194	1
56	6251	1
56	6268	1
56	6285	1
56	6318	1
56	6455	1
56	6546	1
56	6653	1
56	6679	1
56	6734	1
56	6764	1
56	6814	1
56	6936	1
56	6955	1
56	6958	1
56	6960	1
56	7086	1
56	7103	1
56	7272	1
56	7300	1
56	7314	1
56	7336	1
56	7391	1
56	7534	2
56	7560	1
56	7636	1
56	7654	1
57	336	1
57	1783	1
57	2119	1
57	2948	1
57	3344	1
57	3738	1
57	3769	1
57	3973	1
57	4412	1
57	5554	1
57	6107	1
57	6132	1
57	6345	1
57	6806	1
57	7275	1
57	7380	1
57	7501	1
57	7695	1
58	3324	1
58	6072	1
58	6131	1
58	6157	1
59	5435	1
59	5825	1
59	7518	1
59	7571	1
59	7684	1
60	82	1
60	88	1
60	142	1
60	231	1
60	590	1
60	701	1
60	1958	1
60	2563	1
60	3128	1
60	3501	1
60	3868	1
60	4536	1
60	5433	1
60	5804	1
60	6064	1
60	6204	1
60	6535	1
60	7295	1
60	7331	1
60	7688	1
61	206	1
61	2070	1
61	2681	1
61	3129	1
61	3202	1
61	4110	1
61	4208	1
61	5525	1
61	6172	1
61	6174	1
61	6742	1
61	7634	1
62	2119	1
62	2146	1
62	2515	1
62	3236	1
62	3738	1
62	3743	1
62	4092	1
62	5738	1
62	7106	1
63	2	1
63	12	1
63	22	1
63	24	1
63	29	1
63	31	1
63	51	1
63	76	1
63	77	1
63	82	1
63	97	1
63	99	1
63	101	1
63	112	1
63	113	1
63	126	1
63	128	1
63	139	1
63	149	1
63	170	1
63	172	1
63	173	1
63	175	1
63	180	1
63	182	1
63	186	1
63	205	1
63	213	1
63	222	1
63	258	1
63	259	1
63	269	1
63	295	1
63	303	1
63	304	1
63	315	1
63	355	1
63	356	1
63	369	1
63	375	1
63	394	1
63	396	1
63	398	1
63	417	1
63	436	1
63	441	1
63	455	1
63	474	1
63	478	1
63	549	1
63	582	1
63	601	1
63	640	1
63	997	1
63	1014	1
63	1120	1
63	1157	1
63	1273	1
63	1360	1
63	1365	1
63	1468	1
63	1473	1
63	1475	1
63	1532	1
63	1773	1
63	1777	1
63	1789	1
63	1852	1
63	1865	1
63	1879	1
63	1914	1
63	1916	1
63	1923	1
63	1926	1
63	2013	1
63	2022	1
63	2036	1
63	2047	1
63	2048	1
63	2050	1
63	2053	1
63	2064	1
63	2096	1
63	2099	1
63	2113	1
63	2128	1
63	2131	1
63	2139	1
63	2157	1
63	2163	1
63	2299	1
63	2315	1
63	2326	1
63	2374	1
63	2394	1
63	2398	1
63	2413	1
63	2424	1
63	2425	1
63	2434	1
63	2435	1
63	2464	1
63	2468	1
63	2476	1
63	2494	1
63	2511	1
63	2520	1
63	2593	1
63	2600	1
63	2608	1
63	2620	1
63	2623	1
63	2639	2
63	2645	1
63	2646	1
63	2650	1
63	2655	1
63	2671	1
63	2673	1
63	2684	1
63	2699	2
63	2710	1
63	2719	1
63	2729	1
63	2742	1
63	2743	1
63	2744	1
63	2756	1
63	2770	1
63	2781	1
63	2790	1
63	2823	1
63	2838	1
63	2888	1
63	2902	1
63	2905	1
63	2919	1
63	2925	1
63	2947	1
63	2948	1
63	2961	1
63	2988	1
63	3002	1
63	3017	1
63	3029	1
63	3035	1
63	3040	1
63	3086	1
63	3105	1
63	3109	1
63	3126	1
63	3246	1
63	3266	1
63	3286	1
63	3287	1
63	3301	1
63	3305	1
63	3311	1
63	3320	1
63	3378	1
63	3404	1
63	3419	2
63	3435	1
63	3466	1
63	3469	1
63	3496	1
63	3608	1
63	3629	1
63	3653	1
63	3675	1
63	3684	1
63	3699	1
63	3738	3
63	3743	1
63	3763	1
63	3821	1
63	3832	1
63	3895	1
63	3909	1
63	3919	1
63	3952	1
63	3957	1
63	3977	1
63	4012	1
63	4056	1
63	4066	1
63	4075	1
63	4139	1
63	4144	1
63	4214	1
63	4217	1
63	4237	1
63	4238	1
63	4248	1
63	4258	1
63	4276	1
63	4302	1
63	4311	1
63	4365	1
63	4378	1
63	4380	1
63	4384	1
63	4386	1
63	4391	1
63	4413	1
63	4445	1
63	4446	1
63	4459	1
63	4466	1
63	4471	1
63	4479	1
63	4504	1
63	4506	1
63	4515	1
63	4519	1
63	4528	1
63	4534	1
63	4543	1
63	4547	1
63	4549	1
63	4562	1
63	4572	1
63	4580	1
63	4590	1
63	4595	1
63	4597	1
63	4602	1
63	4612	1
63	4642	1
63	4652	1
63	4667	1
63	4679	1
63	4694	1
63	4710	1
63	4713	1
63	4723	1
63	4751	1
63	4786	1
63	4788	1
63	4803	1
63	4837	1
63	4875	1
63	4902	1
63	4906	1
63	4908	1
63	4918	1
63	4960	1
63	4963	1
63	4986	1
63	5002	1
63	5005	1
63	5026	1
63	5036	1
63	5063	1
63	5084	1
63	5090	1
63	5121	1
63	5127	1
63	5153	1
63	5167	1
63	5202	1
63	5206	1
63	5218	1
63	5235	1
63	5245	2
63	5246	1
63	5265	1
63	5276	1
63	5278	1
63	5304	1
63	5305	1
63	5319	1
63	5320	1
63	5323	1
63	5331	1
63	5343	1
63	5345	1
63	5380	1
63	5399	1
63	5401	1
63	5407	1
63	5428	1
63	5444	1
63	5445	1
63	5454	1
63	5475	2
63	5520	1
63	5524	1
63	5539	1
63	5597	2
63	5613	1
63	5616	1
63	5621	1
63	5637	1
63	5640	1
63	5662	1
63	5741	1
63	5812	1
63	5825	7
63	5838	1
63	5851	1
63	5854	1
63	5869	1
63	5871	1
63	5887	2
63	5917	1
63	5922	1
63	5933	1
63	5937	1
63	5942	2
63	6007	1
63	6022	1
63	6027	1
63	6031	1
63	6036	1
63	6039	1
63	6050	1
63	6080	1
63	6083	1
63	6116	1
63	6133	1
63	6142	1
63	6143	1
63	6157	1
63	6161	1
63	6189	1
63	6192	1
63	6197	1
63	6274	1
63	6292	1
63	6351	1
63	6357	1
63	6370	1
63	6412	1
63	6415	1
63	6432	1
63	6438	1
63	6439	1
63	6440	1
63	6466	1
63	6470	1
63	6478	1
63	6491	1
63	6519	1
63	6520	1
63	6546	1
63	6572	1
63	6578	1
63	6580	1
63	6585	1
63	6587	1
63	6602	1
63	6608	1
63	6611	1
63	6631	1
63	6657	1
63	6684	1
63	6723	1
63	6726	1
63	6729	1
63	6776	1
63	6806	1
63	6899	1
63	6913	1
63	6940	1
63	6969	1
63	6971	1
63	6973	1
63	7064	1
63	7075	1
63	7079	1
63	7084	1
63	7090	1
63	7104	1
63	7106	1
63	7140	1
63	7155	1
63	7161	1
63	7182	1
63	7197	1
63	7200	1
63	7247	3
63	7250	1
63	7266	1
63	7275	1
63	7289	1
63	7297	1
63	7302	1
63	7304	1
63	7306	1
63	7311	1
63	7327	1
63	7328	1
63	7343	1
63	7378	1
63	7400	1
63	7406	1
63	7415	1
63	7417	1
63	7421	1
63	7425	1
63	7451	1
63	7460	1
63	7461	2
63	7483	1
63	7501	1
63	7525	1
63	7527	1
63	7528	1
63	7550	1
63	7561	1
63	7567	1
63	7571	1
63	7582	1
63	7600	1
63	7611	1
63	7622	1
63	7626	1
63	7644	1
63	7657	1
63	7692	2
63	7694	1
63	7707	1
64	15	1
64	362	1
64	599	1
64	948	1
64	2176	1
64	2370	1
64	2781	1
64	3573	1
64	3967	1
64	4251	1
64	5265	1
64	5708	1
64	5825	1
64	5883	1
64	5906	1
64	6096	1
64	6099	1
64	7114	1
64	7636	1
65	4380	1
65	5970	1
65	6138	1
65	6178	1
65	7692	1
66	4	1
66	6	1
66	8	1
66	79	1
66	90	1
66	98	1
66	108	1
66	116	1
66	123	1
66	124	1
66	160	1
66	168	1
66	184	1
66	231	1
66	285	1
66	292	1
66	306	1
66	320	1
66	323	1
66	331	1
66	373	1
66	400	1
66	401	1
66	417	1
66	450	1
66	468	1
66	483	1
66	552	1
66	559	1
66	574	1
66	586	1
66	639	1
66	1138	1
66	1193	1
66	1255	1
66	1766	1
66	1920	1
66	2094	1
66	2313	1
66	2314	1
66	2370	1
66	2401	1
66	2425	1
66	2544	1
66	2583	1
66	2598	1
66	2680	1
66	2700	1
66	2710	1
66	2736	1
66	2744	1
66	2781	1
66	2835	1
66	3051	1
66	3200	1
66	3202	1
66	3209	1
66	3215	1
66	3274	1
66	3342	1
66	3399	1
66	3435	1
66	3480	1
66	3543	1
66	3651	1
66	3734	1
66	3773	1
66	3796	1
66	3826	1
66	3887	1
66	3988	1
66	4102	1
66	4127	1
66	4135	1
66	4206	1
66	4210	1
66	4285	1
66	4293	1
66	4367	1
66	4371	1
66	4465	1
66	4494	1
66	4513	1
66	4594	1
66	4630	1
66	4631	1
66	4643	1
66	4652	1
66	4682	1
66	4708	1
66	4717	1
66	4728	1
66	4733	1
66	4746	1
66	4747	1
66	4883	1
66	4987	1
66	4996	1
66	4997	1
66	5023	6
66	5024	1
66	5032	1
66	5077	1
66	5168	1
66	5199	1
66	5216	1
66	5249	1
66	5327	1
66	5369	1
66	5407	2
66	5416	1
66	5482	1
66	5636	1
66	5645	1
66	5695	1
66	5825	2
66	5887	1
66	5933	1
66	5996	1
66	6048	1
66	6050	1
66	6144	1
66	6179	1
66	6185	1
66	6208	1
66	6223	1
66	6271	1
66	6291	1
66	6397	1
66	6415	1
66	6439	1
66	6441	1
66	6482	1
66	6546	1
66	6656	1
66	6696	1
66	6734	1
66	6796	1
66	7077	1
66	7084	1
66	7110	1
66	7116	1
66	7129	1
66	7145	1
66	7186	1
66	7188	1
66	7247	1
66	7257	1
66	7277	1
66	7328	1
66	7375	1
66	7381	1
66	7389	1
66	7416	1
66	7585	1
66	7644	1
66	7661	1
66	7664	1
67	2156	1
67	3887	1
67	7247	1
67	7694	1
68	349	1
68	719	1
68	1153	1
68	1342	1
68	1436	1
68	1459	1
68	1584	1
68	1603	1
68	1634	1
68	1639	1
68	1684	1
68	1686	1
68	1701	1
68	1705	1
68	1711	1
68	1717	1
68	1724	1
68	1749	1
68	1779	1
68	1801	2
68	1812	1
68	1821	1
68	1823	1
68	1847	1
68	1848	2
68	1851	1
68	1860	1
68	1864	1
68	1868	1
68	1928	1
68	1936	1
68	1937	1
68	1941	1
68	2012	1
68	2024	1
68	2025	1
68	2027	1
68	2059	1
68	2066	1
68	2117	1
68	2133	1
68	2164	1
68	2182	1
68	2196	1
68	2201	1
68	2203	1
68	2204	1
68	2207	1
68	2209	1
68	2210	1
68	2212	1
68	2220	1
68	2222	1
68	2232	1
68	2238	1
68	2245	1
68	2251	1
68	2260	1
68	2265	1
68	2280	1
68	2311	1
68	2320	1
68	2336	1
68	2345	1
68	2358	1
68	2361	1
68	2362	1
68	2363	1
68	2372	1
68	2407	1
68	2464	1
68	2465	1
68	2469	1
68	2485	1
68	2486	1
68	2493	1
68	2502	1
68	2503	1
68	2508	1
68	2639	2
68	2650	1
68	2660	1
68	2676	1
68	2722	1
68	2735	1
68	2738	1
68	2778	1
68	2793	1
68	2801	1
68	2900	1
68	2950	1
68	3092	1
68	3098	1
68	3172	1
68	3202	1
68	3234	1
68	3293	1
68	3321	1
68	3364	1
68	3452	1
68	3454	1
68	3477	1
68	3485	1
68	3502	1
68	3505	1
68	3574	1
68	3578	1
68	3738	1
68	3745	1
68	3781	1
68	3801	1
68	3827	1
68	3921	1
68	4009	1
68	4087	1
68	4156	1
68	4163	1
68	4317	1
68	4322	1
68	4350	1
68	4413	1
68	4529	1
68	4789	1
68	4805	1
68	4836	1
68	4849	1
68	4850	1
68	4858	1
68	4892	1
68	5154	1
68	5196	1
68	5336	1
68	5371	1
68	5403	1
68	5452	1
68	5472	1
68	5477	1
68	5518	1
68	5547	1
68	5597	1
68	5627	1
68	5658	1
68	5783	1
68	5789	1
68	5792	1
68	5818	1
68	5836	1
68	5852	1
68	5857	1
68	5885	1
68	5911	1
68	5984	1
68	6065	1
68	6100	1
68	6270	1
68	6272	1
68	6273	1
68	6339	1
68	6365	1
68	6384	1
68	6425	1
68	6521	1
68	6607	1
68	6609	1
68	6622	1
68	6627	1
68	6698	1
68	6707	1
68	6753	1
68	6813	1
68	6829	1
68	6939	1
68	7031	1
68	7044	1
68	7081	1
68	7105	1
68	7119	1
68	7166	1
68	7173	1
68	7295	1
68	7449	1
68	7483	1
68	7496	1
68	7501	1
68	7567	1
68	7636	1
68	7651	1
68	7672	1
69	214	1
69	264	1
69	2553	1
69	5482	1
69	5731	1
69	5750	1
69	5810	1
69	6646	1
69	7289	1
69	7582	1
70	161	1
70	417	1
70	2494	1
70	2564	1
70	2661	1
70	2700	1
70	3738	1
70	3910	1
70	3957	1
70	4350	1
70	4413	1
70	4496	1
70	4543	1
70	4831	1
70	4875	1
70	5216	1
70	5737	1
70	6096	1
70	6133	1
70	6164	1
70	6194	1
70	6642	1
70	6737	1
70	6823	1
71	417	1
71	3518	1
71	3519	1
71	6070	1
71	6810	1
71	7103	1
72	41	1
72	2437	1
72	2781	1
72	3880	1
72	5457	1
72	5563	1
72	5612	1
72	6104	1
73	476	1
73	3441	1
73	4580	1
73	4670	1
73	4927	1
73	4989	1
73	5079	1
73	5985	1
73	6039	1
73	6839	1
74	2608	1
74	3792	1
74	5980	1
74	6900	1
75	1801	1
75	2585	1
75	3518	1
75	3682	1
75	5470	1
75	6761	1
75	7077	1
75	7247	1
75	7682	1
76	2606	1
76	3419	1
76	3453	1
76	5917	1
77	72	1
77	4445	1
77	7469	1
78	2772	1
78	2854	1
78	4896	1
78	6549	1
79	167	1
79	394	1
79	480	1
79	2156	1
79	2162	1
79	2888	1
79	5703	1
80	46	1
80	283	1
80	1136	1
80	2671	1
80	4382	1
80	5685	1
80	6067	1
80	7514	1
81	20	1
81	47	1
81	94	1
81	193	1
81	267	1
81	298	1
81	313	1
81	314	1
81	416	1
81	489	1
81	499	1
81	560	1
81	609	1
81	647	1
81	984	1
81	1587	1
81	1768	1
81	2070	1
81	2116	1
81	2120	1
81	2151	1
81	2190	1
81	2540	1
81	2544	1
81	2678	1
81	2939	1
81	2948	1
81	3076	1
81	3136	1
81	3202	1
81	3254	1
81	3419	1
81	3494	1
81	3501	1
81	3506	1
81	3533	1
81	3608	1
81	3683	1
81	3762	1
81	3786	1
81	3856	1
81	4140	1
81	4296	1
81	4363	1
81	4464	1
81	4708	1
81	4946	1
81	4948	1
81	4983	1
81	5101	1
81	5128	1
81	5388	1
81	5601	1
81	5700	1
81	5756	1
81	5825	1
81	5828	1
81	6289	1
81	6309	1
81	6398	1
81	6449	1
81	6515	1
81	6523	1
81	6635	1
81	6652	1
81	6655	1
81	6829	1
81	6919	1
81	6968	1
81	7119	1
81	7196	1
81	7206	1
81	7223	1
81	7313	1
81	7395	1
81	7476	1
81	7483	1
81	7522	1
81	7534	1
81	7548	1
81	7698	1
81	7702	1
82	364	1
82	4485	1
82	4678	1
82	5805	1
83	71	1
83	194	1
83	270	1
83	305	1
83	372	1
83	378	1
83	531	1
83	2070	1
83	2563	1
83	3143	1
83	3306	1
83	3738	1
83	6131	1
83	6546	1
83	6639	1
84	121	1
84	183	1
84	231	1
84	397	1
84	547	1
84	638	1
84	1766	1
84	2132	1
84	2162	1
84	2624	1
84	3310	1
84	3738	1
84	4092	1
84	4837	1
84	4939	1
84	5084	1
84	5226	1
84	5549	1
84	5858	1
84	6018	1
84	6115	1
84	6557	1
84	6578	1
84	7376	1
84	7391	1
84	7461	1
84	7574	1
84	7582	1
85	139	1
85	358	1
85	2146	1
85	3310	1
85	3552	1
85	3984	1
85	4269	1
85	4418	1
85	4782	1
85	4984	1
85	5092	1
85	5145	2
85	6646	1
86	885	1
86	1425	1
86	1660	1
86	1698	1
86	1707	1
86	1759	1
86	1817	1
86	2125	1
86	2214	1
86	2368	1
86	2639	1
86	2686	1
86	2693	1
86	2951	1
86	2964	1
86	2980	1
86	3093	1
86	3095	1
86	3261	1
86	3447	1
86	3711	1
86	3789	1
86	3887	1
86	3960	1
86	4038	1
86	4199	1
86	4958	1
86	5179	1
86	5333	1
86	5528	1
86	5589	1
86	5783	1
86	5868	1
86	5890	1
86	6005	1
86	6059	1
86	6291	1
86	6309	1
86	6485	1
86	6600	1
86	6681	1
86	7197	1
86	7450	1
86	7451	1
86	7610	1
86	7636	1
86	7672	1
87	10	1
87	116	1
87	131	1
87	151	1
87	228	1
87	245	1
87	262	1
87	281	1
87	293	1
87	326	1
87	352	1
87	376	1
87	427	1
87	477	1
87	495	1
87	558	1
87	593	1
87	603	1
87	625	1
87	631	1
87	688	1
87	738	1
87	742	1
87	749	1
87	760	1
87	830	1
87	841	1
87	861	1
87	1033	1
87	1064	1
87	1111	1
87	1118	1
87	1215	1
87	1772	1
87	1787	1
87	1849	1
87	1870	1
87	1892	1
87	1893	1
87	1896	1
87	1920	1
87	1968	1
87	2045	1
87	2058	1
87	2089	1
87	2114	1
87	2151	1
87	2160	1
87	2161	1
87	2179	1
87	2284	1
87	2421	1
87	2464	1
87	2483	1
87	2487	1
87	2517	1
87	2545	1
87	2589	1
87	2602	1
87	2603	1
87	2611	1
87	2622	1
87	2639	1
87	2662	1
87	2729	1
87	2746	1
87	2770	1
87	2781	2
87	2788	1
87	2817	1
87	2841	1
87	2939	1
87	2948	1
87	3217	1
87	3228	1
87	3243	1
87	3281	1
87	3433	1
87	3445	1
87	3559	1
87	3642	1
87	3717	1
87	3923	1
87	3937	1
87	4020	1
87	4035	1
87	4140	1
87	4201	1
87	4233	1
87	4235	1
87	4239	1
87	4253	1
87	4275	1
87	4328	1
87	4350	1
87	4354	1
87	4394	1
87	4418	1
87	4448	1
87	4459	4
87	4464	1
87	4469	1
87	4505	1
87	4523	1
87	4528	1
87	4580	2
87	4581	1
87	4606	1
87	4714	1
87	4716	1
87	4731	1
87	4748	1
87	4866	1
87	4869	1
87	5124	1
87	5159	1
87	5197	1
87	5218	1
87	5230	1
87	5275	1
87	5276	1
87	5287	1
87	5446	1
87	5480	1
87	5482	1
87	5535	1
87	5597	1
87	5620	2
87	5636	1
87	5639	1
87	5642	1
87	5721	1
87	5722	1
87	5730	1
87	5732	1
87	5769	1
87	5825	2
87	5838	1
87	5848	1
87	5883	1
87	5930	1
87	5931	1
87	5932	1
87	5936	1
87	5937	1
87	5944	1
87	6023	1
87	6049	1
87	6080	1
87	6237	1
87	6289	1
87	6291	1
87	6342	1
87	6415	1
87	6436	1
87	6448	1
87	6550	1
87	6576	1
87	6650	1
87	6712	1
87	6723	1
87	6724	1
87	6799	1
87	6805	1
87	6863	1
87	6901	1
87	6916	1
87	6994	1
87	7021	1
87	7039	1
87	7048	1
87	7049	1
87	7059	1
87	7101	1
87	7104	1
87	7110	1
87	7198	1
87	7257	1
87	7267	1
87	7268	1
87	7361	1
87	7382	1
87	7393	1
87	7543	1
87	7564	1
87	7593	1
87	7609	1
87	7623	1
87	7628	1
87	7636	1
87	7646	1
87	7674	1
88	648	1
88	3717	1
88	4406	1
88	5806	1
88	6415	1
89	15	1
89	127	1
89	234	1
89	237	1
89	280	1
89	348	1
89	359	1
89	413	1
89	454	1
89	475	1
89	515	1
89	598	1
89	648	1
89	744	1
89	750	1
89	776	1
89	798	1
89	807	1
89	879	1
89	1784	1
89	1866	1
89	1882	1
89	1891	1
89	1915	1
89	1989	1
89	1991	1
89	2081	1
89	2093	1
89	2297	1
89	2455	1
89	2819	1
89	2997	1
89	3178	1
89	3203	1
89	3236	1
89	3290	1
89	3358	1
89	3383	1
89	3388	1
89	3473	1
89	3537	1
89	3562	1
89	3608	1
89	3625	1
89	3703	1
89	3704	1
89	3869	1
89	3995	1
89	4225	1
89	4260	1
89	4297	1
89	4374	1
89	4459	1
89	4487	1
89	4580	1
89	4622	1
89	4658	1
89	4660	1
89	4672	1
89	4692	1
89	4756	1
89	4767	1
89	4785	1
89	4786	1
89	5124	1
89	5229	1
89	5469	1
89	5507	1
89	5523	1
89	5551	1
89	5742	1
89	5838	1
89	6013	1
89	6272	1
89	6363	1
89	6546	1
89	6589	1
89	6759	1
89	6829	1
89	6969	1
89	7091	1
89	7132	1
89	7205	1
89	7221	1
89	7247	1
89	7353	1
89	7418	1
89	7483	1
89	7487	1
89	7501	1
89	7502	1
89	7513	1
89	7534	1
89	7539	1
89	7592	1
89	7608	1
89	7622	1
89	7630	1
89	7636	1
89	7694	1
90	11	1
90	2902	1
90	3497	1
90	5197	1
90	5539	1
90	6019	1
91	3738	1
91	5737	2
91	5738	1
91	7617	1
92	2639	1
92	4625	1
92	4659	1
92	4719	1
92	5055	1
92	5274	1
92	6160	1
92	6443	1
92	6690	1
92	7220	1
92	7392	1
92	7636	1
93	122	1
93	260	1
93	2965	1
93	3780	1
93	4563	1
93	5841	1
93	6758	1
93	7111	1
93	7534	1
93	7626	1
94	39	1
94	480	1
94	2502	1
94	2938	1
94	3547	1
94	3763	1
94	4131	1
94	5623	1
94	7247	1
95	48	1
95	52	1
95	149	1
95	227	1
95	2781	1
95	3297	1
95	3594	1
95	3924	1
95	3926	1
95	5250	1
95	5273	1
95	6901	1
95	7416	1
96	511	1
96	3003	1
96	3088	1
96	3319	1
96	4779	1
96	5940	1
96	6647	1
96	6796	2
96	7661	1
97	316	1
97	346	1
97	382	1
97	384	1
97	401	1
97	517	1
97	554	1
97	587	1
97	591	1
97	667	1
97	671	1
97	676	1
97	705	1
97	723	1
97	726	1
97	751	1
97	782	1
97	791	1
97	809	1
97	825	1
97	856	1
97	893	1
97	907	1
97	909	1
97	911	1
97	915	1
97	917	1
97	918	1
97	920	1
97	923	1
97	983	1
97	1007	1
97	1013	1
97	1022	1
97	1076	1
97	1081	1
97	1100	1
97	1225	1
97	1306	1
97	1590	1
97	1791	1
97	1853	1
97	1956	1
97	2055	1
97	2142	1
97	2388	1
97	2551	1
97	2576	1
97	2587	1
97	2588	1
97	2669	1
97	2685	1
97	2781	1
97	2806	1
97	3025	2
97	3037	1
97	3106	1
97	3118	1
97	3133	1
97	3268	1
97	3320	1
97	3339	1
97	3360	1
97	3484	1
97	3532	1
97	3727	1
97	3738	1
97	3809	1
97	3841	1
97	3885	1
97	3893	1
97	4044	1
97	4092	1
97	4126	1
97	4134	1
97	4160	1
97	4190	1
97	4227	1
97	4247	1
97	4252	1
97	4313	1
97	4335	1
97	4350	2
97	4414	1
97	4418	1
97	4476	1
97	4628	1
97	4633	1
97	4666	1
97	4671	1
97	4685	1
97	4706	1
97	4742	1
97	4764	1
97	4784	1
97	4992	1
97	5026	1
97	5176	1
97	5251	1
97	5265	1
97	5279	1
97	5280	1
97	5486	1
97	5553	1
97	5624	1
97	5650	1
97	5686	1
97	5688	1
97	5689	1
97	5825	1
97	5858	1
97	5890	1
97	5958	1
97	6171	1
97	6211	1
97	6245	1
97	6298	1
97	6398	1
97	6420	1
97	6546	1
97	6570	1
97	6573	1
97	6586	1
97	6612	1
97	6637	1
97	6645	1
97	6860	1
97	6972	1
97	6975	1
97	7002	1
97	7065	1
97	7140	1
97	7176	1
97	7192	1
97	7210	1
97	7223	1
97	7242	1
97	7325	1
97	7338	1
97	7344	1
97	7347	1
97	7364	1
97	7365	1
97	7412	1
97	7486	1
97	7501	1
97	7534	2
97	7566	1
97	7597	1
97	7659	1
97	7660	1
97	7664	1
97	7698	1
98	365	1
98	2106	1
98	3226	1
98	4104	1
98	5187	1
99	43	1
99	92	1
99	118	1
99	391	1
99	932	1
99	2636	1
99	2790	1
99	2968	1
99	3965	1
99	4394	1
99	4633	1
99	5208	1
99	6069	1
99	6958	1
99	7311	1
99	7576	1
100	4350	1
100	5284	1
100	7416	1
101	332	1
101	2781	1
101	2840	1
101	2912	1
101	3236	1
101	3924	1
101	4984	1
101	5559	1
101	7058	1
102	3586	1
102	3692	1
102	6025	1
102	6882	1
103	546	1
103	555	1
103	697	1
103	994	1
103	3037	1
103	4310	1
103	4722	1
103	5825	1
103	6522	1
103	6535	1
103	6546	1
103	7534	1
104	2684	1
104	2792	1
104	2925	1
104	3717	1
104	4068	1
104	4948	1
104	6591	1
104	7247	1
105	275	1
105	326	1
105	2105	1
105	2115	1
105	6190	1
106	47	1
106	130	1
106	306	1
106	427	1
106	511	1
106	542	1
106	546	1
106	569	1
106	636	1
106	694	1
106	783	1
106	2136	1
106	2369	1
106	2464	1
106	2547	1
106	2605	1
106	2729	1
106	2855	1
106	2985	1
106	2999	1
106	3067	1
106	3107	1
106	3111	1
106	3159	1
106	3240	1
106	3286	1
106	3305	1
106	3366	1
106	3385	1
106	3419	1
106	3522	1
106	3543	1
106	3639	1
106	3902	1
106	3946	1
106	3963	1
106	4194	1
106	4274	1
106	4394	1
106	4428	1
106	4787	1
106	4946	1
106	4978	1
106	5265	1
106	5312	1
106	5462	1
106	5471	1
106	5513	1
106	5523	1
106	5532	1
106	5576	1
106	5653	1
106	5726	1
106	5742	1
106	6047	1
106	6205	1
106	6214	1
106	6486	1
106	6615	1
106	6733	1
106	7045	1
106	7085	1
106	7102	1
106	7223	1
106	7273	1
106	7339	1
106	7384	1
106	7496	1
106	7529	1
106	7538	1
106	7544	1
106	7626	1
106	7687	1
107	171	1
107	607	1
107	720	1
107	3898	1
107	5656	1
107	5825	1
107	6462	1
108	453	1
108	493	1
108	504	1
108	1528	1
108	2101	1
108	2197	1
108	2431	1
108	3875	1
108	4450	1
108	6588	1
109	83	1
109	938	1
109	1004	1
109	2401	1
109	3373	1
109	3497	1
109	4394	1
109	6229	1
109	6928	1
109	7223	1
109	7340	1
109	7534	1
110	190	1
110	650	1
110	3429	1
110	3965	1
110	4189	1
110	6849	1
111	271	1
111	2781	1
111	3003	1
111	3012	1
111	5318	1
111	6465	1
111	7247	1
111	7534	1
112	103	1
112	446	1
112	3231	1
112	3694	1
112	4653	1
112	4787	1
112	4938	1
112	5468	1
113	67	1
113	130	1
113	458	1
113	2639	1
113	2737	1
113	2925	1
113	2930	1
113	4089	1
113	4135	1
113	4352	1
113	4638	1
113	4657	1
113	4779	1
113	4953	1
113	5345	1
113	6054	1
113	6162	1
113	6519	1
113	6855	1
114	2574	1
114	2948	1
114	3319	1
114	3620	1
114	5825	1
114	6036	1
114	7223	1
115	296	1
115	4350	1
115	6195	1
115	7217	1
116	2925	1
116	4713	1
116	4724	1
116	6177	1
117	2958	1
117	4210	1
117	4331	1
117	4399	1
117	5994	1
117	6639	1
117	7374	1
118	287	1
118	2023	1
118	5106	1
118	6055	1
118	7286	1
119	1743	1
119	1788	1
119	1904	1
119	2221	1
119	2460	1
119	2495	1
119	2973	1
119	3593	1
119	3617	1
119	4004	1
119	4214	1
119	4228	1
119	5264	1
119	5309	1
119	5469	1
119	5475	1
119	5569	1
119	5604	1
119	6086	1
119	6087	2
119	6388	1
119	6389	1
119	6401	1
119	6510	1
119	6769	1
119	7432	1
120	3888	1
120	4101	1
120	4368	1
120	5927	1
120	6379	1
121	6840	1
121	7091	1
121	7534	1
122	1029	1
122	2837	1
122	3319	1
122	6757	1
123	1727	1
123	1792	1
123	2070	1
123	3371	1
123	3701	1
123	7331	1
123	7475	1
123	7603	1
124	935	1
124	2544	1
124	3420	1
124	5998	1
124	7564	1
125	331	1
125	438	1
125	1785	1
125	2312	1
125	5313	1
125	6084	1
125	6186	1
125	7247	1
125	7355	1
126	535	1
126	562	1
126	644	1
126	2582	1
126	3331	1
126	3419	1
126	3777	1
126	4039	1
126	4409	1
126	5453	1
126	6118	1
126	6206	1
126	6888	1
126	7534	1
127	172	1
127	344	1
127	348	1
127	355	1
127	431	1
127	510	1
127	512	1
127	522	1
127	557	1
127	563	1
127	581	1
127	596	1
127	604	1
127	2427	1
127	2606	1
127	2639	1
127	2682	1
127	2766	1
127	3002	1
127	3118	1
127	3319	1
127	3371	1
127	3500	1
127	3616	1
127	3713	1
127	3939	1
127	3946	1
127	4154	1
127	4777	1
127	4942	1
127	5012	1
127	5102	1
127	5170	1
127	5198	1
127	5658	1
127	5805	1
127	5825	2
127	5881	1
127	5890	1
127	5923	1
127	5994	1
127	6176	1
127	6431	1
127	6493	1
127	6515	1
127	6746	1
127	7178	1
127	7404	1
127	7460	1
127	7490	1
127	7619	1
128	1765	1
128	1771	1
128	3202	1
128	3340	1
128	4132	1
128	4133	1
128	4954	1
128	5825	1
128	6169	1
128	6294	1
128	6472	1
128	6807	1
128	7020	1
129	3320	1
129	3520	1
129	5183	1
129	6338	1
129	7117	1
130	3335	1
130	4644	1
130	4646	1
130	6345	1
131	940	1
131	1023	1
131	1204	1
131	1579	1
131	4766	1
131	4975	1
131	5133	1
131	6749	1
132	560	1
132	2500	1
132	2813	1
132	3934	1
132	4642	1
132	4778	1
132	5728	1
132	5729	1
132	6154	1
132	6169	1
132	7451	1
133	311	1
133	425	1
133	631	1
133	648	1
133	696	1
133	745	1
133	3173	1
133	3257	1
133	3320	1
133	3724	1
133	4533	1
133	4798	1
133	5094	1
133	5581	3
133	5706	1
133	5733	1
133	5906	1
133	6582	1
134	121	1
134	172	1
134	324	1
134	342	1
134	450	1
134	473	1
134	601	1
134	2681	1
134	2948	1
134	2987	1
134	3226	1
134	3328	1
134	3523	1
134	3533	1
134	4072	1
134	4312	1
134	4350	1
134	5041	1
134	5123	1
134	5334	1
134	5661	1
134	5697	1
134	5737	1
134	5842	1
134	5878	1
134	6058	1
134	6174	1
134	6360	1
134	6535	1
134	6601	1
134	6743	1
134	7215	1
134	7462	1
134	7500	1
134	7636	1
134	7692	1
135	2737	1
135	3143	1
136	294	1
136	412	1
136	414	1
136	513	1
136	562	1
136	571	1
136	678	1
136	697	1
136	808	1
136	1046	1
136	1132	1
136	1401	1
136	2517	1
136	2639	1
136	2987	1
136	3072	1
136	3075	2
136	3085	1
136	3388	2
136	3453	1
136	3674	1
136	3947	2
136	4246	1
136	4327	1
136	4334	1
136	4408	1
136	4502	1
136	4982	1
136	5049	1
136	5287	1
136	5740	1
136	5756	1
136	5801	1
136	5998	1
136	6435	1
136	6540	1
136	6558	1
136	6645	1
136	6670	1
136	6671	1
136	6672	1
136	6790	1
136	6795	1
136	6968	1
136	7005	1
136	7314	1
136	7506	1
136	7677	1
136	7684	1
137	13	1
137	1367	1
137	1377	1
137	1406	1
137	1407	1
137	1410	1
137	1412	1
137	1413	1
137	1415	1
137	1430	1
137	1455	1
137	1469	1
137	1488	1
137	1495	1
137	1496	1
137	1562	1
137	1616	1
137	1917	1
137	2552	1
137	3056	1
137	3507	1
137	3812	1
137	4165	1
137	4175	1
137	4200	1
137	4202	1
137	4611	1
137	4626	2
137	4702	1
137	4707	1
137	4769	1
137	5026	1
137	5550	1
137	6306	2
137	6677	1
137	6993	1
137	7067	1
138	339	1
138	520	1
138	3009	1
138	3463	1
138	3512	1
138	4609	1
138	5590	1
138	5825	1
138	6184	1
138	6306	1
138	7019	1
139	1794	1
139	2401	1
139	3229	1
139	3523	1
139	4770	1
139	5464	1
139	6131	1
139	7322	1
140	829	1
140	3332	1
140	3341	1
140	4144	1
141	2223	1
141	4641	1
141	5155	1
141	5770	1
141	6738	1
141	7093	1
141	7611	1
142	578	1
142	828	1
142	1048	1
142	1207	1
142	2530	1
142	2591	1
142	2639	1
142	2856	1
142	3080	1
142	3976	1
142	3991	1
142	4096	1
142	4411	1
142	4857	1
142	4860	1
142	5260	1
142	5287	1
142	6121	1
142	6795	1
142	6799	1
142	6874	1
142	6928	1
142	6966	1
142	7117	1
142	7496	1
142	7509	1
142	7591	1
143	289	1
143	347	1
143	759	1
143	762	1
143	797	1
143	882	1
143	1807	1
143	1844	1
143	2121	1
143	2639	1
143	2751	1
143	2905	1
143	3100	1
143	3289	1
143	3300	1
143	3915	1
143	3931	1
143	4080	1
143	4539	1
143	4619	1
143	5074	1
143	5324	1
143	5479	1
143	5704	1
143	5933	1
143	5938	1
143	5939	1
143	5945	1
143	6096	1
143	6446	1
143	6794	1
143	6904	1
143	7463	1
144	233	1
144	247	1
144	347	1
144	368	1
144	374	1
144	472	1
144	486	1
144	524	1
144	603	1
144	623	1
144	657	1
144	702	1
144	741	1
144	746	1
144	757	1
144	764	1
144	855	1
144	1801	1
144	1866	1
144	1871	1
144	2046	1
144	2052	1
144	2079	1
144	2082	1
144	2322	1
144	2491	1
144	2554	1
144	2592	1
144	2638	1
144	2701	1
144	2818	1
144	2892	1
144	2903	1
144	2905	1
144	3124	1
144	3157	1
144	3222	1
144	3445	1
144	3539	1
144	3599	1
144	3605	1
144	3659	1
144	3704	1
144	3708	1
144	3722	1
144	3860	1
144	4022	1
144	4220	1
144	4254	1
144	4317	1
144	4334	1
144	4337	1
144	4453	1
144	4459	1
144	4706	1
144	4734	1
144	4821	1
144	5041	1
144	5200	1
144	5242	1
144	5825	4
144	5862	1
144	5905	1
144	5990	1
144	6096	1
144	6156	1
144	6339	1
144	6546	1
144	6635	1
144	6852	1
144	6855	1
144	6859	1
144	6885	1
144	7002	1
144	7119	1
144	7211	1
144	7582	1
144	7611	1
144	7623	1
145	629	1
145	775	1
145	776	1
145	966	1
145	1209	1
145	1941	1
145	2072	1
145	2516	1
145	3319	1
145	3863	1
145	4230	1
145	4531	1
145	4816	1
145	5463	1
145	6067	1
145	6096	1
145	6944	1
145	7474	1
146	435	1
146	2925	1
146	5128	1
146	5456	1
146	6255	1
146	7600	1
147	363	1
147	870	1
147	925	1
147	1126	1
147	1137	1
147	3471	1
147	3517	1
147	3915	1
147	3997	1
147	4079	1
147	4778	1
147	5128	1
147	5176	1
147	5691	1
147	5825	1
147	5828	1
147	5970	1
147	5996	1
147	6122	1
147	6166	1
147	6383	1
147	6580	1
147	6807	1
147	6877	1
147	7062	1
147	7144	1
147	7533	1
147	7601	1
148	3983	1
148	4370	1
148	5296	1
148	6731	1
148	7195	1
149	764	1
149	1238	1
149	2178	1
149	2184	1
149	2186	1
149	2598	1
149	4415	1
149	6796	1
150	687	1
150	785	1
150	802	1
150	3986	1
151	230	1
151	1800	1
151	6242	1
151	7410	1
151	7459	1
152	3641	1
152	3739	1
152	5747	1
152	7485	1
153	1673	1
153	1734	1
153	1737	1
153	1758	1
153	2257	2
153	2267	1
153	2639	1
153	3511	1
153	3955	1
153	4052	1
153	4209	1
153	5578	1
153	5579	1
153	5737	1
153	5788	1
153	6681	1
153	6841	1
153	7332	1
153	7624	1
153	7662	1
153	7676	1
154	239	1
154	2975	1
154	3173	1
154	3240	1
154	3268	1
154	3445	1
154	4134	1
155	544	1
155	561	1
155	615	1
155	648	1
155	698	1
155	847	1
155	850	1
155	2167	1
155	2603	1
155	3320	1
155	3347	1
155	3481	1
155	3925	1
155	4119	1
155	5020	1
155	5603	1
155	6277	1
155	6889	1
155	7551	1
155	7659	1
156	2316	1
156	3072	1
156	3096	1
156	5825	1
156	5885	1
156	6580	1
157	560	1
157	782	1
157	794	1
157	2996	1
157	3774	1
157	4664	1
157	4856	1
157	5239	1
157	5687	1
158	241	1
158	253	1
158	269	1
158	338	1
158	464	1
158	465	1
158	501	1
158	651	1
158	668	1
158	674	1
158	680	1
158	717	1
158	740	1
158	755	1
158	774	1
158	788	1
158	793	1
158	803	1
158	833	1
158	858	1
158	864	1
158	866	1
158	877	1
158	902	1
158	928	1
158	931	1
158	941	1
158	942	1
158	960	1
158	964	1
158	969	1
158	978	1
158	1011	1
158	1030	1
158	1037	1
158	1041	1
158	1057	1
158	1079	1
158	1090	1
158	1094	1
158	1107	1
158	1116	1
158	1135	1
158	1140	1
158	1152	1
158	1329	1
158	1517	1
158	1518	1
158	1757	1
158	1781	1
158	1796	1
158	1801	3
158	1826	1
158	1829	1
158	1893	1
158	1922	1
158	1927	1
158	1952	1
158	1963	1
158	1971	2
158	1977	1
158	1982	1
158	2077	1
158	2130	1
158	2299	1
158	2300	1
158	2306	1
158	2346	2
158	2353	1
158	2356	1
158	2420	1
158	2428	1
158	2451	1
158	2455	1
158	2464	1
158	2473	1
158	2479	1
158	2482	1
158	2494	1
158	2504	1
158	2506	1
158	2518	1
158	2531	1
158	2537	1
158	2545	1
158	2549	1
158	2556	1
158	2570	1
158	2576	1
158	2616	1
158	2639	4
158	2694	1
158	2747	1
158	2752	1
158	2781	1
158	2794	1
158	2804	1
158	2810	1
158	2837	1
158	2839	1
158	2882	1
158	2885	1
158	2895	1
158	2937	1
158	2977	1
158	3054	1
158	3094	1
158	3117	1
158	3126	1
158	3131	1
158	3189	1
158	3197	1
158	3256	1
158	3258	1
158	3278	1
158	3320	1
158	3337	1
158	3344	1
158	3357	1
158	3362	1
158	3455	1
158	3458	1
158	3468	1
158	3493	1
158	3506	2
158	3527	1
158	3542	1
158	3545	1
158	3608	1
158	3623	1
158	3660	1
158	3665	1
158	3680	1
158	3741	1
158	3856	1
158	3982	1
158	4008	1
158	4013	1
158	4040	1
158	4074	1
158	4111	1
158	4149	1
158	4153	1
158	4160	2
158	4167	1
158	4173	1
158	4177	1
158	4182	1
158	4203	1
158	4265	1
158	4330	1
158	4339	1
158	4352	1
158	4359	1
158	4390	1
158	4441	1
158	4465	1
158	4486	1
158	4497	1
158	4509	1
158	4558	1
158	4561	1
158	4569	1
158	4580	1
158	4586	1
158	4591	1
158	4599	1
158	4674	1
158	4676	1
158	4691	1
158	4697	1
158	4761	1
158	4773	1
158	4780	1
158	4845	1
158	4877	1
158	4921	1
158	5000	1
158	5026	1
158	5033	1
158	5098	1
158	5132	1
158	5185	1
158	5268	1
158	5287	1
158	5421	1
158	5461	1
158	5567	1
158	5597	1
158	5683	1
158	5693	1
158	5713	1
158	5717	1
158	5724	1
158	5735	1
158	5768	1
158	5807	1
158	5825	2
158	5853	1
158	5868	1
158	5910	1
158	5915	1
158	6013	1
158	6029	1
158	6041	1
158	6044	1
158	6061	1
158	6066	1
158	6067	1
158	6090	1
158	6105	1
158	6109	1
158	6120	1
158	6220	1
158	6228	1
158	6240	1
158	6251	1
158	6327	1
158	6330	1
158	6339	1
158	6367	1
158	6373	1
158	6376	1
158	6381	1
158	6400	1
158	6402	2
158	6458	1
158	6467	1
158	6513	1
158	6530	1
158	6535	1
158	6539	1
158	6546	1
158	6550	1
158	6565	1
158	6597	1
158	6632	1
158	6634	1
158	6639	1
158	6651	1
158	6660	1
158	6667	1
158	6714	1
158	6732	1
158	6765	1
158	6773	1
158	6784	1
158	6785	1
158	6794	1
158	6806	1
158	6844	1
158	6864	1
158	6870	1
158	6871	1
158	6876	1
158	6887	1
158	6891	1
158	6904	2
158	6920	1
158	6939	1
158	6942	1
158	6953	1
158	7037	1
158	7068	1
158	7070	1
158	7077	3
158	7113	1
158	7123	1
158	7128	1
158	7129	1
158	7131	1
158	7223	1
158	7260	1
158	7321	1
158	7359	1
158	7409	1
158	7435	1
158	7461	1
158	7464	1
158	7465	1
158	7479	1
158	7486	1
158	7488	1
158	7514	1
158	7533	1
158	7534	1
158	7575	1
158	7592	1
158	7609	1
158	7614	1
158	7626	1
158	7636	1
158	7646	1
158	7647	1
158	7648	1
158	7649	1
158	7692	2
158	7698	1
158	7707	2
159	293	1
159	595	1
159	770	1
159	903	1
159	930	1
159	3033	1
159	3306	1
159	3736	1
159	4267	1
159	4318	1
159	4940	1
159	5620	1
159	5870	1
159	6290	1
159	7451	1
159	7622	1
160	2852	1
160	3805	1
160	5641	1
160	5759	1
160	5904	1
161	357	1
161	862	1
161	2925	1
161	3366	1
161	3419	1
161	3429	1
161	5639	1
161	5825	1
161	6058	1
161	6400	1
161	7076	1
161	7316	1
162	942	1
162	1097	1
162	3946	1
162	4700	1
162	6613	1
163	899	1
163	2797	1
163	3300	1
163	3616	1
163	3874	1
163	4787	1
163	5843	1
163	6226	1
163	6584	1
163	7082	1
163	7490	1
164	157	1
164	568	1
164	2144	1
164	2540	1
164	2590	1
164	3216	1
164	3319	1
164	3334	1
164	3370	1
164	3400	1
164	3777	1
164	4040	1
164	4566	1
164	4576	2
164	4580	1
164	5101	1
164	5501	1
164	5703	1
164	6601	1
164	7068	1
165	1074	1
165	2848	1
165	4443	1
165	6829	1
165	6921	1
165	7494	1
166	344	1
166	353	1
166	2820	1
166	3089	1
166	3327	1
166	6239	1
166	6290	1
166	6928	1
167	614	1
167	4467	1
167	6426	1
167	7601	1
168	231	1
168	318	1
168	464	1
168	465	1
168	2070	1
168	2820	1
168	3343	1
168	3683	1
168	4580	1
168	5310	1
168	5496	1
168	5729	1
168	6040	1
168	6419	1
168	6535	1
168	6866	1
168	7676	1
169	750	1
169	1950	1
169	4122	1
169	4673	1
169	6110	1
169	7022	1
170	2615	1
170	6529	1
170	6535	1
170	7312	1
170	7545	1
171	246	2
171	679	1
171	691	1
171	5026	1
171	5743	1
171	5938	1
172	526	1
172	646	1
172	3506	1
172	3738	1
172	5938	1
172	7218	1
172	7472	1
172	7483	1
173	580	1
173	695	1
173	892	1
173	933	1
173	1047	1
173	2454	1
173	2927	1
173	3319	1
173	3636	1
173	3838	1
173	4077	1
173	4260	1
173	4736	1
173	4738	1
173	4764	1
173	5146	1
173	5280	1
173	5308	1
173	6005	1
173	6359	1
173	7631	1
174	1447	1
174	5287	1
174	5675	1
174	7002	1
174	7690	1
175	15	1
175	119	1
175	233	1
175	237	1
175	277	1
175	335	1
175	399	1
175	485	1
175	494	1
175	521	1
175	522	1
175	633	1
175	634	1
175	648	1
175	660	1
175	665	1
175	735	1
175	818	1
175	846	1
175	854	1
175	866	1
175	873	1
175	1260	1
175	1801	1
175	1874	1
175	1910	1
175	2134	1
175	2436	1
175	2562	1
175	2581	1
175	2607	1
175	2771	1
175	2785	1
175	2800	1
175	2916	1
175	3052	1
175	3057	1
175	3072	1
175	3212	1
175	3291	1
175	3355	1
175	3405	1
175	3425	1
175	3429	1
175	3437	1
175	3513	1
175	3515	1
175	3520	1
175	3522	1
175	3528	1
175	3535	1
175	3554	1
175	3599	1
175	3651	1
175	3656	1
175	3671	1
175	3724	1
175	3771	1
175	3881	1
175	3901	1
175	3985	1
175	4058	1
175	4121	1
175	4523	1
175	4580	1
175	4593	1
175	4738	1
175	4833	1
175	4938	1
175	5173	1
175	5467	1
175	5529	1
175	5565	1
175	5582	1
175	5594	1
175	5744	1
175	5797	1
175	5862	1
175	5879	1
175	5896	1
175	5909	1
175	5969	1
175	5987	1
175	6026	1
175	6122	1
175	6347	1
175	6376	1
175	6450	1
175	6519	1
175	6793	1
175	6836	1
175	6886	1
175	6907	1
175	6939	1
175	6980	1
175	7004	1
175	7259	1
175	7266	1
175	7290	2
175	7370	1
175	7483	1
175	7486	1
175	7494	1
175	7505	1
175	7611	1
175	7694	1
176	2346	1
176	2527	1
176	4477	1
176	6154	1
177	1464	1
177	1996	1
177	2166	1
177	3091	1
177	3216	1
177	3908	1
177	4244	1
177	4840	1
177	5583	1
177	6751	1
177	7356	1
178	115	1
178	117	1
178	274	1
178	276	1
178	348	1
178	392	1
178	416	1
178	510	1
178	518	1
178	550	1
178	634	1
178	641	1
178	675	1
178	685	1
178	694	1
178	1740	1
178	2070	1
178	2166	1
178	2350	1
178	2433	1
178	2550	1
178	2614	1
178	2672	1
178	2996	1
178	3008	1
178	3028	1
178	3103	1
178	3212	1
178	3224	1
178	3298	1
178	3374	1
178	3536	1
178	4092	1
178	4174	1
178	4415	1
178	4478	1
178	4649	1
178	4650	1
178	4786	1
178	4991	1
178	5006	1
178	5019	1
178	5026	1
178	5084	1
178	5095	1
178	5107	1
178	5131	1
178	5455	1
178	5467	1
178	5601	1
178	5700	1
178	5738	1
178	5846	1
178	5855	1
178	5897	1
178	5987	1
178	6001	1
178	6124	1
178	6206	1
178	6343	1
178	6603	1
178	6730	1
178	6778	1
178	7251	1
178	7312	1
178	7331	1
178	7472	1
178	7501	1
178	7522	1
178	7552	1
178	7567	1
178	7616	1
178	7678	1
178	7685	1
179	2463	1
179	3425	1
179	4727	1
179	5805	1
179	5989	1
179	6652	1
179	6878	1
180	93	1
180	584	1
180	836	1
180	1031	1
180	1804	1
180	2696	1
180	2784	1
180	3131	1
180	3640	1
180	5440	1
180	5498	1
180	6277	1
180	6399	1
180	6928	1
180	7014	1
180	7280	1
181	818	1
181	942	1
181	981	1
181	1895	1
181	2383	1
181	3206	1
181	3626	1
181	3650	1
181	4440	1
181	4775	1
181	4807	1
181	7140	1
182	58	1
182	91	1
182	116	1
182	153	1
182	160	1
182	231	1
182	232	1
182	233	1
182	236	1
182	248	1
182	252	1
182	255	1
182	261	1
182	273	1
182	282	1
182	293	1
182	302	1
182	307	1
182	308	1
182	312	1
182	328	1
182	348	1
182	351	1
182	359	1
182	374	1
182	377	1
182	383	1
182	385	1
182	393	1
182	409	1
182	466	1
182	488	1
182	491	1
182	497	1
182	500	1
182	503	1
182	508	1
182	514	1
182	518	1
182	530	1
182	535	1
182	540	1
182	565	1
182	575	1
182	584	1
182	585	1
182	597	1
182	612	1
182	614	1
182	615	1
182	630	1
182	649	1
182	663	1
182	670	1
182	682	1
182	688	1
182	691	1
182	692	1
182	704	1
182	710	1
182	713	1
182	718	1
182	724	1
182	727	1
182	729	1
182	732	1
182	733	1
182	758	1
182	775	1
182	781	1
182	783	1
182	786	1
182	787	1
182	804	1
182	811	1
182	815	1
182	816	1
182	818	1
182	819	1
182	821	1
182	834	1
182	839	1
182	869	1
182	886	1
182	889	1
182	912	1
182	919	1
182	927	1
182	932	1
182	934	1
182	944	1
182	945	1
182	959	1
182	963	1
182	968	1
182	973	1
182	977	1
182	987	1
182	989	1
182	992	1
182	1018	1
182	1020	1
182	1024	1
182	1032	1
182	1039	1
182	1042	1
182	1054	1
182	1056	1
182	1059	1
182	1065	1
182	1071	1
182	1151	1
182	1163	1
182	1182	1
182	1194	1
182	1218	1
182	1222	1
182	1231	1
182	1256	1
182	1297	1
182	1316	1
182	1321	1
182	1354	1
182	1357	1
182	1375	1
182	1381	1
182	1382	1
182	1383	1
182	1385	1
182	1437	1
182	1485	1
182	1490	1
182	1492	1
182	1515	1
182	1526	1
182	1538	1
182	1576	1
182	1606	1
182	1611	1
182	1620	1
182	1690	1
182	1797	1
182	1798	1
182	1801	3
182	1805	1
182	1807	1
182	1808	1
182	1814	1
182	1827	1
182	1832	1
182	1835	1
182	1848	1
182	1859	1
182	1862	1
182	1871	1
182	1875	1
182	1881	1
182	1897	1
182	1907	1
182	1935	1
182	1938	1
182	1941	2
182	1960	1
182	1969	1
182	1980	1
182	1994	1
182	1997	1
182	1998	1
182	2002	1
182	2013	1
182	2030	1
182	2039	1
182	2043	1
182	2047	1
182	2067	1
182	2070	1
182	2072	1
182	2091	1
182	2097	1
182	2101	1
182	2102	1
182	2114	1
182	2126	1
182	2136	1
182	2141	1
182	2146	3
182	2181	1
182	2289	1
182	2309	1
182	2319	1
182	2326	1
182	2385	1
182	2416	1
182	2426	1
182	2446	1
182	2464	1
182	2465	1
182	2477	1
182	2478	1
182	2481	1
182	2484	1
182	2491	1
182	2497	1
182	2555	1
182	2578	1
182	2593	1
182	2595	1
182	2599	1
182	2601	1
182	2610	1
182	2612	1
182	2632	1
182	2633	1
182	2635	1
182	2639	7
182	2658	1
182	2669	1
182	2677	1
182	2695	1
182	2701	1
182	2703	1
182	2706	1
182	2719	1
182	2722	1
182	2732	1
182	2750	1
182	2763	1
182	2785	1
182	2787	1
182	2791	1
182	2794	1
182	2812	1
182	2818	2
182	2826	1
182	2828	1
182	2839	1
182	2857	1
182	2858	1
182	2883	1
182	2892	1
182	2906	1
182	2922	1
182	2938	1
182	2948	3
182	2958	1
182	2974	1
182	2983	1
182	2987	1
182	3111	1
182	3119	1
182	3122	1
182	3124	1
182	3126	1
182	3127	1
182	3131	1
182	3132	1
182	3133	1
182	3138	1
182	3152	1
182	3164	1
182	3173	1
182	3182	1
182	3184	1
182	3191	1
182	3199	1
182	3202	1
182	3203	1
182	3204	1
182	3213	1
182	3220	1
182	3223	1
182	3224	1
182	3230	1
182	3235	1
182	3239	1
182	3241	1
182	3245	1
182	3246	1
182	3249	1
182	3250	1
182	3251	1
182	3256	1
182	3268	1
182	3269	1
182	3275	1
182	3279	1
182	3291	1
182	3300	1
182	3301	1
182	3303	1
182	3307	1
182	3309	1
182	3312	1
182	3319	1
182	3320	1
182	3330	1
182	3331	1
182	3336	1
182	3368	1
182	3376	1
182	3377	1
182	3379	1
182	3381	1
182	3383	1
182	3388	1
182	3389	1
182	3391	2
182	3409	1
182	3416	1
182	3444	1
182	3455	1
182	3486	1
182	3498	1
182	3506	1
182	3514	1
182	3558	1
182	3585	1
182	3588	1
182	3601	1
182	3612	1
182	3623	1
182	3630	1
182	3646	1
182	3649	1
182	3666	1
182	3668	1
182	3678	1
182	3691	1
182	3693	1
182	3723	1
182	3725	1
182	3729	1
182	3732	1
182	3738	1
182	3761	1
182	3779	1
182	3791	1
182	3804	1
182	3839	1
182	3842	1
182	3845	1
182	3847	1
182	3858	1
182	3869	1
182	3881	1
182	3901	1
182	3914	1
182	3917	1
182	3922	1
182	3936	1
182	3941	1
182	3946	1
182	3947	1
182	3954	1
182	3970	1
182	3995	1
182	4005	1
182	4006	1
182	4026	1
182	4051	1
182	4054	1
182	4063	1
182	4067	1
182	4080	1
182	4086	1
182	4109	1
182	4214	1
182	4234	1
182	4250	1
182	4251	1
182	4255	1
182	4265	1
182	4276	1
182	4288	1
182	4293	1
182	4301	1
182	4314	1
182	4317	1
182	4350	3
182	4354	1
182	4357	1
182	4377	1
182	4381	1
182	4386	1
182	4389	1
182	4395	1
182	4418	1
182	4423	1
182	4425	1
182	4454	1
182	4455	1
182	4456	1
182	4457	1
182	4459	1
182	4475	1
182	4483	1
182	4489	1
182	4521	1
182	4540	1
182	4543	2
182	4555	1
182	4557	1
182	4580	4
182	4592	1
182	4609	1
182	4614	1
182	4639	1
182	4654	1
182	4655	1
182	4666	1
182	4687	1
182	4704	1
182	4729	1
182	4737	1
182	4739	1
182	4771	1
182	4813	1
182	4821	1
182	4829	1
182	4832	1
182	4840	1
182	4842	1
182	4844	1
182	4846	1
182	4852	1
182	4859	1
182	4867	1
182	4874	1
182	4880	1
182	4891	1
182	4894	1
182	4898	1
182	4901	1
182	4912	1
182	4940	1
182	4957	1
182	4962	1
182	4965	1
182	4972	1
182	4977	1
182	4981	1
182	4985	1
182	5007	1
182	5090	1
182	5096	1
182	5108	1
182	5137	1
182	5141	2
182	5180	1
182	5186	1
182	5187	1
182	5201	1
182	5203	1
182	5205	1
182	5208	1
182	5210	1
182	5221	1
182	5237	1
182	5238	1
182	5240	1
182	5252	1
182	5253	1
182	5254	1
182	5257	1
182	5262	1
182	5287	2
182	5294	1
182	5300	1
182	5303	1
182	5314	1
182	5317	1
182	5328	1
182	5329	1
182	5368	1
182	5369	1
182	5386	1
182	5392	1
182	5400	1
182	5407	1
182	5409	1
182	5410	1
182	5415	1
182	5419	1
182	5424	2
182	5429	2
182	5430	1
182	5434	1
182	5442	1
182	5453	1
182	5459	1
182	5465	1
182	5467	1
182	5489	1
182	5514	1
182	5541	1
182	5550	1
182	5556	1
182	5561	2
182	5564	1
182	5588	1
182	5597	1
182	5599	1
182	5611	1
182	5635	1
182	5639	2
182	5647	1
182	5655	1
182	5659	1
182	5667	1
182	5669	1
182	5672	1
182	5682	1
182	5734	1
182	5737	1
182	5740	1
182	5786	1
182	5825	9
182	5832	1
182	5845	1
182	5874	1
182	5887	1
182	5918	1
182	5958	1
182	5963	1
182	5970	1
182	5977	1
182	5981	1
182	5991	1
182	5992	1
182	6013	1
182	6015	1
182	6026	1
182	6074	1
182	6076	1
182	6096	2
182	6100	1
182	6115	1
182	6127	1
182	6128	1
182	6181	1
182	6191	1
182	6209	1
182	6231	1
182	6239	1
182	6241	1
182	6270	1
182	6275	1
182	6288	1
182	6291	1
182	6295	1
182	6300	1
182	6305	1
182	6312	1
182	6316	1
182	6318	1
182	6324	1
182	6330	1
182	6339	1
182	6357	1
182	6361	1
182	6386	1
182	6395	1
182	6398	1
182	6415	1
182	6418	1
182	6421	1
182	6437	1
182	6448	1
182	6456	1
182	6457	1
182	6475	1
182	6545	1
182	6546	2
182	6547	1
182	6564	1
182	6589	2
182	6604	1
182	6651	1
182	6688	1
182	6698	1
182	6699	1
182	6701	1
182	6702	1
182	6710	1
182	6713	1
182	6735	1
182	6768	1
182	6773	1
182	6774	1
182	6775	1
182	6786	1
182	6792	1
182	6806	1
182	6814	1
182	6824	1
182	6830	1
182	6831	1
182	6834	1
182	6838	1
182	6856	1
182	6883	1
182	6888	1
182	6893	1
182	6919	1
182	6939	1
182	6955	1
182	6959	2
182	6983	1
182	6995	1
182	6997	1
182	7010	1
182	7013	1
182	7015	1
182	7045	1
182	7047	1
182	7050	1
182	7055	1
182	7063	1
182	7065	1
182	7077	4
182	7078	2
182	7082	1
182	7084	1
182	7088	1
182	7090	1
182	7099	1
182	7104	1
182	7109	1
182	7121	1
182	7124	1
182	7126	1
182	7131	1
182	7139	1
182	7162	1
182	7174	1
182	7177	1
182	7178	1
182	7193	1
182	7195	1
182	7196	1
182	7198	1
182	7211	1
182	7223	4
182	7239	1
182	7242	1
182	7247	4
182	7270	1
182	7272	1
182	7292	1
182	7328	1
182	7337	1
182	7342	1
182	7344	2
182	7351	1
182	7366	1
182	7461	1
182	7470	1
182	7471	1
182	7474	2
182	7483	1
182	7486	1
182	7494	2
182	7496	1
182	7501	1
182	7514	2
182	7515	1
182	7534	1
182	7559	1
182	7561	1
182	7580	1
182	7600	2
182	7601	6
182	7604	1
182	7609	1
182	7616	1
182	7622	2
182	7629	2
182	7633	1
182	7637	1
182	7688	1
182	7692	2
182	7693	1
182	7698	1
182	7705	2
182	7707	2
182	7708	1
183	701	1
183	3962	1
183	5083	1
183	6524	1
183	6725	1
183	7046	1
184	406	1
184	487	1
184	551	1
184	4465	1
184	5317	1
185	339	1
185	718	1
185	4240	1
185	4627	1
185	5650	1
185	6458	1
185	7692	1
186	908	1
186	1571	1
186	1730	1
186	6727	1
186	6847	1
187	3488	1
187	4863	1
187	5751	1
187	6941	1
188	116	1
188	286	1
188	617	1
188	691	1
188	703	1
188	1790	1
188	3737	1
188	3864	1
188	3931	1
188	4084	1
188	4776	1
188	4777	1
188	4894	1
188	5467	1
188	6387	1
188	6759	1
188	7025	1
188	7344	1
189	519	1
189	2465	1
189	3268	1
189	5057	1
189	5450	1
189	6394	1
189	6426	1
189	6435	1
190	402	1
190	757	1
190	3372	1
190	3416	1
190	5443	1
190	7168	1
190	7205	1
191	116	1
191	3442	1
191	5267	1
191	7224	1
192	656	1
192	1038	1
192	3062	1
192	3263	1
192	3790	1
192	3879	1
192	4204	1
192	4690	1
192	5277	1
192	6276	1
192	6714	1
192	7295	1
193	1653	1
193	2248	1
193	2842	1
193	5825	1
193	6748	1
193	6896	1
193	7707	1
194	2306	1
194	3037	1
194	5447	1
194	5455	1
194	6689	1
194	7679	1
195	172	1
195	852	1
195	871	1
195	2622	1
195	3129	1
195	4031	1
195	5620	1
195	6334	1
195	7031	1
195	7534	1
196	528	1
196	2703	1
196	2754	1
196	4839	1
196	5117	1
196	5245	1
197	7	1
197	505	1
197	846	1
197	2299	1
197	3476	1
197	4003	1
197	4121	1
197	4350	1
197	6227	1
197	6890	1
197	7127	1
197	7520	1
198	585	1
198	814	1
198	872	1
198	2545	1
198	3032	1
198	3055	1
198	3145	1
198	3337	1
198	3587	1
198	3758	1
198	3922	1
198	4232	1
198	4686	1
198	4883	1
198	5692	1
198	5717	1
198	5962	1
198	6331	1
198	6539	1
198	6815	1
198	7037	1
198	7254	1
198	7258	1
198	7259	1
198	7437	1
198	7632	1
199	127	1
199	488	1
199	545	1
199	548	1
199	579	1
199	585	1
199	662	1
199	680	1
199	683	1
199	747	1
199	2644	1
199	3058	1
199	3738	1
199	3756	1
199	4002	1
199	4040	1
199	4042	1
199	4785	1
199	4822	1
199	4838	1
199	4902	1
199	4940	1
199	5017	1
199	5066	1
199	5091	1
199	5464	1
199	5825	1
199	5975	1
199	6074	1
199	6108	1
199	6212	1
199	6269	1
199	6434	1
199	6556	1
199	6630	1
199	6826	1
199	6894	1
199	7652	1
200	276	1
200	455	1
200	862	1
200	6904	1
201	2393	1
201	2639	1
201	6455	1
201	7403	1
202	684	1
202	818	1
202	843	1
202	872	1
202	2054	1
202	2583	1
202	3047	1
202	3173	1
202	3240	1
202	3388	1
202	3419	2
202	3441	1
202	3752	1
202	3979	1
202	4024	1
202	4076	1
202	4092	2
202	4128	1
202	4144	1
202	4145	1
202	4251	1
202	4588	1
202	4683	1
202	5015	1
202	5177	1
202	5596	1
202	5970	1
202	6060	1
202	6063	1
202	6147	1
202	6642	1
202	6779	1
202	6880	1
202	6937	1
202	7132	1
202	7197	1
202	7412	1
202	7522	1
202	7590	1
202	7665	1
203	853	1
203	2061	1
203	4976	1
203	5356	1
203	5600	1
203	6919	1
203	7197	1
203	7638	1
204	835	1
204	851	1
204	1006	1
204	1431	1
204	4828	1
204	4853	1
205	760	1
205	2146	1
205	2500	1
205	3202	1
205	3488	1
205	4568	1
205	4999	1
205	5041	1
205	7106	1
206	2914	1
206	3213	1
206	3289	1
206	4261	1
206	4336	1
206	7205	1
206	7664	1
207	557	1
207	702	1
207	738	1
207	1373	1
207	2494	1
207	3060	1
207	3599	1
207	4944	1
207	6569	1
207	7168	1
207	7626	1
208	1775	1
208	7353	1
209	165	1
209	288	1
209	401	1
209	3133	1
209	4409	1
209	5603	1
209	5639	1
210	265	1
210	951	1
210	997	1
210	1150	1
210	1172	1
210	1181	1
210	2642	1
210	2674	1
210	2675	1
210	2781	1
210	2834	1
210	3155	1
210	3181	1
210	3205	1
210	3530	1
210	3845	1
210	3929	1
210	3949	1
210	4160	1
210	5800	2
210	5825	1
210	6546	1
210	6794	1
210	6920	1
210	6925	1
210	7562	1
210	7661	1
211	325	1
211	538	1
211	602	1
211	1884	1
211	2938	1
211	3005	1
211	3709	1
211	3751	1
211	4764	1
211	5825	1
211	6015	1
212	943	1
212	1740	1
212	1898	1
212	4617	1
212	5750	1
212	5955	1
212	7677	1
213	867	2
213	1909	1
213	5598	1
213	6876	1
214	874	1
214	3389	1
214	4122	1
214	4809	1
214	5997	1
214	7346	1
215	1761	1
215	3126	1
215	3521	1
215	7573	1
216	1530	1
216	2138	2
216	4405	1
216	5538	1
217	730	1
217	784	1
217	2683	1
217	4483	1
217	4897	1
217	7636	1
218	1187	1
218	1570	1
218	3807	1
218	5295	1
218	7193	1
219	590	1
219	831	1
219	3239	1
219	4712	1
219	4791	1
219	4923	1
219	6245	1
220	2472	1
220	3999	1
220	4473	1
220	4517	1
220	4624	1
220	5366	1
220	5597	1
220	6320	1
221	337	1
221	410	1
221	527	1
221	679	1
221	766	1
221	883	1
221	893	1
221	913	1
221	935	1
221	1006	1
221	1043	1
221	1079	1
221	1093	1
221	1119	1
221	1226	1
221	1257	1
221	1264	1
221	1289	1
221	1315	1
221	1327	1
221	1525	1
221	1642	1
221	1647	1
221	1652	1
221	1669	1
221	1944	1
221	1999	1
221	2049	1
221	2287	1
221	2375	1
221	2539	1
221	2567	1
221	2639	1
221	2716	1
221	2782	1
221	2802	1
221	3111	1
221	3178	1
221	3372	1
221	3657	1
221	4160	2
221	4201	1
221	4205	1
221	4279	1
221	4346	1
221	4404	1
221	4580	1
221	4802	1
221	5002	1
221	5070	1
221	5074	1
221	5302	1
221	5379	1
221	5727	1
221	5755	1
221	5836	1
221	5840	1
221	5887	1
221	5912	1
221	6551	1
221	6750	1
221	6798	1
221	6857	1
221	6864	1
221	6897	1
221	6928	1
221	7027	1
221	7042	1
221	7188	1
221	7208	1
221	7358	1
221	7362	1
221	7521	1
221	7632	1
221	7636	1
222	4152	1
222	5084	1
222	5597	1
222	5625	1
222	5830	1
222	6538	1
223	654	1
223	906	1
223	922	1
223	1012	1
223	1057	1
223	2291	1
223	2669	1
223	2874	1
223	2910	1
223	3208	1
223	3635	1
223	3996	1
223	4556	1
223	4677	1
223	4718	1
223	5026	1
223	5730	1
223	5812	1
223	6950	1
223	7002	1
223	7247	1
223	7407	1
223	7508	1
223	7690	1
224	493	1
224	808	1
224	868	1
224	881	1
224	3986	1
224	4218	1
224	7104	1
224	7305	1
225	1010	1
225	1264	1
225	4989	1
225	7608	1
226	1337	1
226	2299	1
226	2639	1
226	4160	1
226	7040	1
227	771	1
227	807	1
227	811	1
227	2395	1
227	2697	1
227	2868	1
227	3369	1
227	3941	1
227	4806	1
227	5037	1
227	5125	1
227	6256	1
227	7346	1
228	891	1
228	2586	1
228	2813	1
228	3004	1
228	4068	1
228	4741	1
228	5104	1
228	5719	1
228	6843	1
228	7508	1
228	7601	1
229	1689	1
229	2691	1
229	3791	1
229	7685	1
230	1479	1
230	2007	1
230	3841	1
230	4092	1
230	4286	1
230	4814	1
230	5429	1
230	5512	1
230	6430	1
231	790	1
231	1084	1
231	3506	1
231	5287	1
231	5719	1
231	5737	1
231	5825	1
231	6772	1
232	4154	1
232	4367	1
232	4501	1
232	5773	1
233	2001	1
233	3052	1
233	6045	1
233	7247	1
234	1198	1
234	1368	1
234	6111	1
234	6588	1
235	1079	1
235	1102	1
235	2976	1
235	3457	1
235	4313	1
235	4616	1
235	4704	1
235	5040	1
235	5466	1
235	6718	1
235	6721	1
235	6923	1
235	7253	1
236	231	1
236	765	1
236	840	1
236	860	1
236	924	1
236	937	1
236	1035	1
236	1133	1
236	2057	1
236	2677	1
236	2678	1
236	2787	1
236	3626	1
236	3822	1
236	3851	1
236	4549	1
236	4711	1
236	4968	1
236	5364	1
236	5825	1
236	5847	1
236	6297	1
236	6299	1
236	6420	1
236	6628	1
236	6705	1
236	6869	1
236	6876	1
236	7031	1
236	7068	1
236	7169	1
236	7534	1
236	7688	1
237	2080	1
237	4053	1
237	5692	1
237	6218	1
237	7040	1
238	1095	1
238	1112	1
238	5880	1
238	6376	1
238	7535	1
239	355	1
239	488	1
239	677	1
239	748	1
239	836	1
239	1016	1
239	1062	1
239	1073	1
239	1077	1
239	1095	1
239	1098	1
239	1116	1
239	1251	1
239	1806	1
239	2374	1
239	2402	1
239	2409	1
239	2577	1
239	2781	1
239	2913	1
239	2931	1
239	3658	1
239	3710	1
239	3838	1
239	3920	1
239	4030	1
239	4553	1
239	4726	1
239	4729	1
239	4889	1
239	4924	1
239	5150	1
239	5280	1
239	5523	1
239	5568	1
239	5614	1
239	5617	1
239	5716	1
239	5757	1
239	5825	1
239	5908	1
239	5935	1
239	6202	1
239	6322	1
239	6375	1
239	6385	1
239	6542	1
239	6873	1
239	6892	1
239	6904	1
239	6949	1
239	6988	1
239	7129	1
239	7141	1
239	7223	1
239	7247	1
239	7293	1
239	7428	1
239	7546	1
239	7561	1
240	1499	1
240	3443	1
240	3522	1
240	4399	1
240	7549	1
241	3013	1
241	3738	1
241	4144	1
241	4520	1
241	5214	1
241	6703	1
241	6896	1
241	7587	1
242	2536	1
242	2879	1
242	3462	1
242	3877	1
242	6583	1
242	6937	1
242	7117	1
242	7628	1
243	1767	1
243	5574	1
244	2814	1
244	2827	1
244	4215	1
244	5047	1
244	5659	1
245	0	1
245	166	1
245	410	1
245	555	1
245	893	1
245	1144	1
245	1146	1
245	1167	1
245	1169	1
245	1180	1
245	1183	1
245	1189	1
245	1213	1
245	1219	1
245	1224	1
245	1231	1
245	1234	1
245	1253	1
245	1257	2
245	1259	1
245	1269	1
245	1291	1
245	1366	1
245	1372	1
245	1378	1
245	1416	1
245	1427	1
245	1454	1
245	1550	1
245	1753	1
245	1756	1
245	1961	1
245	2005	2
245	2070	1
245	2083	1
245	2126	1
245	2147	1
245	2195	1
245	2199	1
245	2219	1
245	2231	1
245	2241	1
245	2256	1
245	2264	1
245	2266	1
245	2275	1
245	2305	1
245	2323	1
245	2329	1
245	2377	1
245	2379	1
245	2514	1
245	2639	2
245	2649	1
245	2692	1
245	2729	1
245	2730	1
245	2773	1
245	2774	1
245	2775	1
245	2779	1
245	2780	1
245	2805	1
245	2880	1
245	2978	1
245	3031	1
245	3037	1
245	3039	1
245	3111	1
245	3503	1
245	3610	1
245	3664	1
245	3834	1
245	3836	1
245	3853	1
245	3934	1
245	4036	1
245	4160	3
245	4170	1
245	4266	1
245	4401	1
245	4543	1
245	4870	1
245	5000	1
245	5114	1
245	5115	1
245	5152	1
245	5337	2
245	5572	3
245	5574	1
245	5617	1
245	5645	1
245	5665	1
245	5681	2
245	5696	1
245	5703	1
245	5705	1
245	5715	1
245	5737	1
245	5783	1
245	5787	1
245	5790	1
245	5800	1
245	5825	1
245	5838	1
245	5849	1
245	5891	1
245	6028	1
245	6217	1
245	6232	1
245	6250	1
245	6252	1
245	6260	1
245	6481	1
245	6599	1
245	6631	1
245	6721	1
245	6790	1
245	6801	1
245	6829	1
245	6844	1
245	6855	1
245	6906	1
245	6922	1
245	6939	1
245	6943	1
245	6958	1
245	7008	1
245	7065	1
245	7077	1
245	7087	1
245	7295	1
245	7330	1
245	7515	1
245	7516	1
245	7535	1
245	7641	1
245	7660	1
245	7661	1
245	7690	2
245	7701	1
245	7707	3
246	4442	1
246	4711	1
246	6060	1
246	6863	1
247	1058	1
247	1568	1
247	2622	1
247	4356	1
247	4691	1
247	4813	1
247	5979	1
247	6368	1
248	1184	1
248	1196	1
248	1486	1
248	2639	1
248	4410	1
248	5052	1
248	5156	1
248	5271	1
248	5383	1
248	5474	1
248	6803	1
248	7606	1
249	887	1
249	990	1
249	1002	1
249	3140	1
249	3421	1
249	4144	1
249	6079	1
250	610	1
250	2464	1
250	2492	1
250	3865	1
250	4907	1
250	7060	1
251	1106	1
251	3677	1
251	4107	1
251	7223	1
252	3337	1
252	6044	1
252	7112	1
252	7331	1
253	253	1
253	756	1
253	788	1
253	1000	1
253	1029	1
253	1070	1
253	1113	1
253	2470	1
253	3077	1
253	3299	1
253	3349	1
253	3382	1
253	3506	1
253	3729	1
253	3946	1
253	4835	1
253	5042	1
253	5046	1
253	5236	1
253	5519	1
253	5825	1
253	6247	1
253	6923	1
253	7279	1
253	7510	1
253	7546	1
253	7554	1
253	7555	1
253	7556	1
253	7609	2
253	7649	1
254	1072	1
254	4354	1
254	5825	1
254	6375	1
254	7690	2
255	1899	1
255	1983	1
255	6480	1
255	7474	1
256	333	1
256	337	1
256	1068	1
256	1085	1
256	1091	1
256	1165	1
256	1254	1
256	1453	1
256	3282	1
256	4350	1
256	4681	1
256	6109	1
256	6946	1
256	7202	1
256	7224	1
257	1201	1
257	2328	1
257	2796	1
257	4491	1
257	4893	1
258	4460	1
258	5377	1
258	5825	1
258	6316	1
258	6519	1
258	6546	1
258	7636	1
259	1092	1
259	2663	1
259	2992	1
259	3884	1
259	5933	1
260	1089	1
260	1127	1
260	3580	1
260	4092	1
260	4563	1
260	4648	1
260	5316	1
260	5335	1
260	6411	1
260	6594	1
260	7148	1
260	7202	1
260	7323	1
260	7360	1
260	7620	1
261	1735	1
261	2467	1
261	2894	1
261	3364	1
261	5797	1
261	5825	2
261	7065	1
261	7082	1
261	7296	1
262	1214	1
262	3265	1
262	3778	1
262	5819	1
262	6100	1
262	6789	1
262	6871	1
263	926	1
263	2006	1
263	2189	1
263	3091	1
263	4651	1
263	5018	1
263	6011	1
263	6303	1
263	7689	1
264	342	1
264	994	1
264	1026	1
264	3459	1
264	4950	1
264	6100	1
264	6380	1
264	6419	1
264	7636	1
265	4252	1
265	4256	1
265	5181	1
265	5496	1
265	6325	1
265	6347	1
265	6563	1
265	6909	1
265	7126	1
265	7452	1
266	955	1
266	1843	1
266	2021	1
266	2302	1
266	2324	1
266	2330	1
266	2496	1
266	3019	1
266	4932	1
266	6053	1
266	6340	1
267	1205	1
267	1536	1
267	1574	1
267	1633	1
267	1672	1
267	2403	1
267	2464	1
267	4160	1
267	6095	1
267	7243	1
267	7681	1
268	982	1
268	1016	1
268	1888	1
268	3495	1
268	4236	1
268	5315	1
268	5388	1
268	6213	1
268	7198	1
269	1212	1
269	2634	1
269	3036	1
269	4545	1
269	6203	1
270	914	1
270	1038	1
270	4516	1
270	4735	1
271	1243	1
271	3419	1
271	3883	1
271	5086	1
271	5138	1
271	5715	1
271	6546	1
271	7357	1
271	7570	1
272	1026	1
272	1117	1
272	1140	1
272	1249	1
272	1262	1
272	2171	1
272	2534	1
272	2665	1
272	3980	1
272	4144	1
272	4157	1
272	4461	1
272	5912	1
272	6553	1
273	859	1
273	888	1
273	1258	1
273	1402	1
273	2202	1
273	2309	1
273	2557	1
273	2953	1
273	3066	1
273	3745	1
273	3810	1
273	3866	1
273	4210	1
273	4393	1
273	4984	1
273	4990	1
273	4994	1
273	5527	1
273	5765	1
273	5819	1
273	5893	1
273	6013	1
273	6081	1
273	7129	1
273	7409	1
273	7474	1
273	7549	1
274	407	1
274	805	1
274	2922	1
274	3907	1
274	4943	1
274	5160	1
274	6093	1
275	985	1
275	2172	1
275	4587	1
275	6364	1
275	6888	1
275	7214	1
275	7307	1
276	664	1
276	699	1
276	820	1
276	974	1
276	1035	1
276	1063	1
276	1848	1
276	1883	1
276	1965	1
276	2386	1
276	2400	1
276	2413	1
276	2735	1
276	2741	1
276	3265	1
276	3597	1
276	3660	1
276	4293	2
276	4427	1
276	4459	1
276	4621	1
276	4691	1
276	5611	1
276	6302	1
276	6415	1
276	7126	1
276	7201	1
276	7229	1
276	7325	1
276	7510	1
276	7705	1
277	1523	1
277	1704	1
277	1719	1
277	1732	1
277	1900	1
277	6846	1
278	2863	1
278	3061	1
278	3293	1
278	6452	1
279	1754	1
279	2078	1
279	2227	1
279	2783	1
279	3262	1
279	3345	1
279	3487	1
279	3950	1
279	4851	1
279	5549	1
279	6254	1
280	2365	1
280	3634	1
280	3645	1
280	4688	1
280	5232	1
280	5970	1
281	942	1
281	1050	1
281	1115	1
281	1238	1
281	1257	1
281	1274	1
281	2193	1
281	2471	1
281	2877	1
281	3319	1
281	3510	1
281	3689	1
281	3720	1
281	5593	1
281	5899	1
281	6246	1
281	6574	1
281	6876	1
281	7367	1
281	7587	1
282	2877	1
282	2895	1
282	4044	1
282	7223	1
283	3126	1
283	4257	1
283	4342	1
283	5287	1
284	2889	1
284	4350	1
284	4458	1
284	5494	1
284	5911	1
284	6544	1
284	7096	1
284	7181	1
285	970	1
285	1211	1
285	2639	1
285	4698	1
285	4911	1
285	5270	1
285	6692	1
285	7190	1
285	7349	1
285	7451	1
285	7707	1
286	1147	2
286	5074	1
286	5805	1
286	5825	1
287	884	1
287	996	1
287	1109	1
287	1197	1
287	1919	1
287	3838	1
287	4216	1
287	4917	1
287	6046	1
287	7474	1
287	7688	1
287	7690	2
288	1335	1
288	6317	1
288	7247	1
288	7281	1
289	337	1
289	1039	1
289	3735	1
289	3884	1
289	5306	1
289	7026	1
290	777	1
290	939	1
290	949	1
290	1053	1
290	1078	1
290	1140	1
290	1149	1
290	1274	1
290	1279	1
290	1801	1
290	1834	1
290	1986	1
290	2584	1
290	2659	1
290	2690	1
290	2697	1
290	2705	1
290	2723	1
290	2899	1
290	2969	1
290	3037	1
290	3288	1
290	3292	1
290	3388	1
290	4070	1
290	4160	1
290	4429	1
290	4503	1
290	4529	1
290	4564	1
290	4914	1
290	4928	1
290	5043	1
290	5393	1
290	5429	1
290	5580	1
290	5809	1
290	6200	1
290	6305	1
290	6332	1
290	6353	1
290	6377	1
290	6393	1
290	6495	1
290	6928	1
290	7016	1
290	7047	1
290	7068	1
290	7074	1
290	7134	1
290	7140	1
290	7223	1
290	7224	1
290	7247	1
290	7326	1
290	7371	1
290	7499	1
290	7692	1
290	7707	1
291	953	1
291	1277	1
291	1380	1
291	2387	1
291	3198	1
291	3871	1
291	4410	1
291	5617	1
291	5684	1
291	7399	1
291	7669	1
291	7690	1
291	7707	2
292	859	1
292	1334	1
292	2046	1
292	2406	1
292	3891	1
292	4546	1
292	6126	1
292	6844	1
292	6945	1
292	7223	1
292	7680	1
293	455	1
293	1191	1
293	1310	1
293	3120	1
293	3254	1
293	3538	2
293	4862	1
293	5360	1
293	5934	1
293	6415	1
293	7240	1
293	7512	1
294	1384	1
294	2830	1
294	3111	1
294	3126	1
294	3153	1
294	3158	1
294	5188	1
294	6545	1
295	709	1
295	1055	1
295	1131	1
295	1308	1
295	1318	1
295	1331	1
295	1398	1
295	1416	1
295	1432	1
295	2011	1
295	2191	1
295	3212	1
295	3254	1
295	3576	1
295	3845	1
295	4179	1
295	4358	1
295	4500	1
295	4524	1
295	4905	1
295	5319	1
295	5366	1
295	5407	1
295	5620	1
295	5779	1
295	6918	1
295	7546	1
295	7661	1
296	1140	1
296	1263	1
296	2412	1
296	2915	1
296	3388	1
296	3922	1
296	3945	1
296	4071	1
296	4098	1
296	4113	1
296	4275	1
296	4930	1
296	5137	1
296	5767	1
296	5779	1
296	7179	1
297	1993	1
297	2024	1
297	2945	1
297	3672	1
297	5435	1
297	5668	1
298	4041	1
298	5164	1
298	6219	1
298	7358	1
299	1211	1
299	1286	1
299	2494	1
299	6709	1
299	7664	1
300	1864	1
300	2349	1
300	2499	1
300	3273	1
300	6924	1
301	415	1
301	946	1
301	1019	1
301	1246	1
301	1257	2
301	1268	1
301	1290	1
301	1358	1
301	1585	1
301	1592	1
301	1992	1
301	2118	1
301	2404	2
301	2408	1
301	2465	1
301	3294	1
301	3575	1
301	3716	1
301	4554	1
301	4938	1
301	5476	1
301	6954	1
301	7260	1
301	7265	1
301	7414	1
301	7433	1
301	7443	1
302	21	1
302	34	1
302	84	1
302	381	1
302	553	1
302	585	1
302	768	4
302	773	1
302	813	1
302	995	1
302	1005	1
302	1017	1
302	1069	1
302	1104	1
302	1108	1
302	1140	1
302	1160	1
302	1171	1
302	1178	1
302	1208	1
302	1228	1
302	1237	1
302	1248	1
302	1267	2
302	1278	1
302	1281	1
302	1285	1
302	1293	1
302	1299	1
302	1302	1
302	1339	1
302	1351	1
302	1364	1
302	1394	1
302	1409	1
302	1423	1
302	1434	1
302	1449	1
302	1465	1
302	1485	1
302	1492	1
302	1516	1
302	1534	1
302	1566	1
302	1638	1
302	1675	1
302	1695	1
302	1723	1
302	1763	1
302	1764	1
302	1779	2
302	1801	4
302	1815	1
302	1825	1
302	1831	1
302	1837	1
302	1854	1
302	1861	1
302	1864	1
302	1880	1
302	1886	1
302	1902	1
302	1905	1
302	1906	1
302	1913	1
302	1921	1
302	1929	1
302	1933	1
302	1946	1
302	1974	1
302	1985	1
302	1987	1
302	1990	1
302	2008	1
302	2010	1
302	2025	1
302	2032	1
302	2033	1
302	2035	1
302	2038	1
302	2041	1
302	2083	1
302	2085	1
302	2108	1
302	2111	1
302	2143	1
302	2344	1
302	2373	1
302	2376	1
302	2413	1
302	2467	1
302	2522	1
302	2572	1
302	2619	1
302	2623	1
302	2629	1
302	2639	3
302	2656	1
302	2682	1
302	2704	2
302	2713	1
302	2728	1
302	2759	1
302	2777	1
302	2785	1
302	2791	1
302	2821	1
302	2863	1
302	2876	1
302	2891	1
302	2911	1
302	2929	1
302	2942	1
302	2945	2
302	2948	1
302	3083	1
302	3097	1
302	3111	2
302	3113	1
302	3160	1
302	3161	1
302	3162	1
302	3190	1
302	3194	1
302	3214	1
302	3254	1
302	3316	2
302	3319	1
302	3491	1
302	3565	1
302	3569	1
302	3600	1
302	3702	1
302	3738	1
302	3739	1
302	3740	1
302	3744	1
302	3773	1
302	3845	2
302	3846	1
302	3868	1
302	3968	1
302	3989	1
302	3995	1
302	4166	1
302	4188	1
302	4192	1
302	4281	2
302	4283	1
302	4286	1
302	4289	1
302	4290	1
302	4291	1
302	4292	1
302	4295	1
302	4299	1
302	4301	1
302	4303	1
302	4304	1
302	4353	1
302	4362	1
302	4560	1
302	4567	1
302	4596	1
302	4671	1
302	4696	1
302	4720	1
302	4752	1
302	4757	1
302	4872	1
302	4937	1
302	5072	1
302	5111	2
302	5142	1
302	5197	1
302	5231	1
302	5291	1
302	5361	1
302	5370	1
302	5390	1
302	5396	1
302	5397	1
302	5412	1
302	5448	1
302	5481	1
302	5483	1
302	5491	1
302	5492	1
302	5493	1
302	5496	2
302	5667	1
302	5775	1
302	5785	1
302	5818	1
302	5860	1
302	5983	1
302	6077	1
302	6088	1
302	6098	2
302	6109	1
302	6263	1
302	6285	1
302	6321	1
302	6447	1
302	6469	1
302	6514	1
302	6534	1
302	6545	2
302	6546	1
302	6559	1
302	6562	1
302	6608	1
302	6631	1
302	6638	1
302	6639	1
302	6640	1
302	6756	1
302	6777	1
302	6816	1
302	6818	1
302	6820	1
302	6837	1
302	6869	1
302	6920	1
302	6934	1
302	6989	1
302	6990	1
302	7029	1
302	7051	1
302	7082	1
302	7089	1
302	7106	1
302	7184	1
302	7422	1
302	7451	1
302	7456	1
302	7462	1
302	7467	1
302	7468	1
302	7483	1
302	7504	1
302	7507	1
302	7508	1
302	7578	1
302	7601	4
302	7609	1
302	7616	1
302	7623	1
302	7629	1
302	7630	1
302	7633	1
302	7667	1
302	7692	1
302	7700	1
302	7705	1
302	7707	1
303	834	1
303	980	1
303	1140	1
303	2976	1
303	4490	1
303	5281	1
303	5752	1
303	6321	1
303	6773	1
304	1472	1
304	1510	1
304	2886	1
304	3075	1
304	3403	1
304	5156	1
304	5615	1
304	7496	1
304	7638	1
305	337	1
305	3581	1
305	7263	1
305	7546	1
306	405	1
306	1390	1
306	1394	1
306	1493	1
306	1520	1
306	1541	1
306	2109	1
306	2110	1
306	2381	1
306	2464	1
306	2489	1
306	2639	1
306	2757	1
306	3388	1
306	3956	1
306	4601	1
306	4888	1
306	5054	1
306	5590	1
306	5594	1
306	5638	1
306	5736	1
306	5978	1
306	5999	1
306	6025	1
306	6698	1
306	6872	1
306	7106	1
306	7483	1
306	7563	1
307	470	1
307	2483	1
307	3263	1
307	5093	1
307	5727	1
307	7011	1
308	1399	1
308	2692	1
308	2781	1
308	2971	1
308	3391	1
308	5753	1
309	1176	1
309	1315	1
309	3575	1
309	6861	1
310	1921	1
310	2432	1
310	2906	1
310	2979	1
310	3388	1
310	4415	1
310	4585	1
310	4688	1
310	4765	1
310	5153	1
310	5591	1
310	5948	1
310	6089	1
310	7262	1
310	7492	1
310	7534	1
310	7692	1
311	1485	1
311	1657	1
311	1692	1
311	3474	1
311	4699	1
311	5586	1
312	988	1
312	1221	1
312	3090	1
312	6077	1
312	6663	1
312	7431	1
313	2519	1
313	3202	1
313	4529	1
313	7224	1
314	1220	1
314	1444	1
314	1477	1
314	1622	1
314	1661	1
314	2623	1
314	3016	1
314	4169	1
314	4271	1
314	4423	1
314	4507	1
314	4526	1
314	4675	1
314	4887	1
314	5197	1
314	5671	1
314	6458	1
314	6460	1
314	6928	1
314	7054	1
314	7436	1
314	7534	1
314	7613	1
315	2642	1
315	3508	1
315	4098	1
315	4629	1
316	2014	1
316	2753	1
316	4546	1
316	5517	1
316	6631	1
317	900	1
317	1440	1
317	1828	1
317	2639	1
317	3079	1
317	3111	1
317	3187	1
317	3273	1
317	3579	1
317	4210	1
317	4580	2
317	4750	1
317	4762	1
317	5414	1
317	6355	1
317	6400	1
317	6631	1
317	7023	1
318	1980	1
318	2317	1
318	2318	2
318	2967	1
318	3503	1
319	2721	1
319	3120	1
319	6430	1
319	6536	1
319	6967	1
319	7438	1
319	7587	1
319	7707	1
320	1027	1
320	1247	1
320	1277	1
320	1482	1
320	1752	1
320	1848	1
320	1945	1
320	2963	1
320	3947	1
320	4073	1
320	4093	1
320	4161	1
320	5011	1
320	6219	1
320	6356	1
320	6614	1
320	7230	1
320	7639	1
321	905	1
321	986	1
321	1148	1
321	1236	1
321	4913	1
322	541	1
322	1670	1
322	1718	1
322	1736	1
323	806	1
323	878	1
323	1841	1
323	1867	1
323	1966	1
323	2084	1
323	2104	1
323	2390	1
323	2548	1
323	2639	1
323	3718	1
323	4092	1
323	4532	1
323	4560	1
323	4832	1
323	5248	1
323	6279	1
323	6339	1
323	6391	1
323	6400	1
323	7077	1
323	7247	1
323	7466	1
324	4181	1
324	5084	1
324	5813	1
324	6270	1
324	6544	1
324	7692	1
325	842	1
325	1154	1
325	1332	1
325	1474	1
325	1593	1
325	1596	1
325	1655	1
325	1728	1
325	2932	1
325	3653	1
325	3695	1
325	3882	1
325	4834	1
325	4887	1
325	4893	1
325	4955	1
325	5360	1
325	5438	1
325	5882	1
325	6012	1
325	6339	1
325	7495	1
325	7569	1
326	1266	1
326	1439	1
326	1562	1
326	3470	1
326	4100	1
326	6668	1
326	7094	1
326	7097	1
327	263	1
327	1110	1
327	1317	1
327	6062	1
327	6290	1
328	1099	1
328	2796	1
328	3449	1
328	4938	1
328	5116	1
328	5265	1
328	6216	1
328	6461	1
328	6835	1
328	6977	1
328	7434	1
328	7690	1
329	904	1
329	2043	1
329	2972	1
329	4881	1
329	6770	1
329	6771	1
329	7224	1
330	1282	1
330	1441	1
330	2561	1
330	2687	1
330	3391	1
330	3424	1
330	3529	1
330	4764	1
330	4995	1
330	5886	1
330	6551	1
330	7247	1
330	7295	1
330	7582	1
331	310	1
331	496	1
331	1156	1
331	1426	1
331	1646	1
331	1795	1
331	1908	1
331	2925	1
331	5950	1
331	6433	1
332	1165	1
332	1945	1
332	3837	1
332	4868	1
333	1307	1
333	3141	1
333	3212	1
333	6526	1
333	7095	1
333	7486	1
334	616	1
334	1303	1
334	1323	1
334	1338	1
334	1371	1
334	1390	1
334	1461	1
334	1506	1
334	2283	1
334	2532	1
334	2921	1
334	3683	1
334	4129	1
334	5082	1
334	5217	1
334	5573	1
334	5819	1
334	5825	1
334	6812	1
334	7147	1
334	7255	1
334	7456	1
334	7595	1
335	1199	1
335	1375	1
335	1503	1
335	2507	1
335	2925	1
335	5028	1
335	5610	1
335	5737	1
335	6102	1
335	6580	1
335	7606	1
336	605	1
336	1168	1
336	1174	1
336	1322	1
336	1393	1
336	2071	1
336	3063	1
336	3320	1
336	3727	1
336	6865	1
336	7067	1
336	7522	1
337	310	1
337	3504	1
337	3892	1
337	5825	1
337	7125	1
338	410	1
338	1101	1
338	2825	1
338	4141	1
338	4444	1
338	6608	1
338	7482	1
339	35	1
339	942	1
339	957	1
339	977	1
339	991	1
339	1005	2
339	1025	1
339	1036	1
339	1051	1
339	1060	1
339	1075	1
339	1159	1
339	1171	1
339	1226	1
339	1292	1
339	1348	1
339	1352	1
339	1357	1
339	1359	1
339	1374	1
339	1375	1
339	1379	1
339	1387	1
339	1389	1
339	1391	1
339	1392	1
339	1403	1
339	1408	1
339	1411	1
339	1412	1
339	1414	1
339	1417	1
339	1433	1
339	1456	1
339	1457	1
339	1460	1
339	1463	1
339	1480	1
339	1500	1
339	1504	1
339	1509	1
339	1522	1
339	1535	1
339	1537	1
339	1540	1
339	1551	1
339	1554	1
339	1555	1
339	1560	1
339	1576	1
339	1582	1
339	1583	1
339	1591	1
339	1612	1
339	1618	1
339	1626	1
339	1640	1
339	1645	1
339	1656	1
339	1662	1
339	1663	1
339	1664	1
339	1676	1
339	1678	1
339	1682	1
339	1683	1
339	1685	1
339	1693	1
339	1694	1
339	1703	1
339	1714	1
339	1716	1
339	1726	1
339	1739	1
339	1744	1
339	1748	1
339	1755	1
339	1760	1
339	1763	1
339	1801	1
339	1802	1
339	1858	1
339	1970	1
339	2046	1
339	2069	1
339	2073	1
339	2074	1
339	2075	1
339	2109	1
339	2205	1
339	2208	1
339	2213	1
339	2215	1
339	2216	1
339	2217	1
339	2218	1
339	2222	1
339	2225	1
339	2236	1
339	2237	1
339	2240	1
339	2242	1
339	2243	1
339	2247	1
339	2258	1
339	2262	1
339	2263	1
339	2268	1
339	2271	1
339	2276	1
339	2277	1
339	2279	1
339	2288	1
339	2290	1
339	2295	1
339	2334	1
339	2335	1
339	2338	1
339	2339	1
339	2340	1
339	2348	1
339	2367	1
339	2382	1
339	2392	1
339	2440	1
339	2448	1
339	2449	1
339	2544	1
339	2597	1
339	2621	1
339	2639	1
339	2657	1
339	2679	1
339	2717	1
339	2725	1
339	2727	1
339	2768	1
339	2781	1
339	2807	1
339	2811	1
339	2815	1
339	2850	1
339	2851	1
339	2872	1
339	2901	1
339	2911	1
339	2920	1
339	2923	1
339	2942	1
339	3026	1
339	3030	1
339	3038	1
339	3053	1
339	3070	1
339	3083	1
339	3111	1
339	3134	1
339	3148	1
339	3150	1
339	3154	1
339	3156	1
339	3165	1
339	3166	1
339	3179	1
339	3183	1
339	3185	1
339	3193	1
339	3195	1
339	3212	1
339	3221	1
339	3233	1
339	3255	1
339	3259	1
339	3284	1
339	3304	1
339	3319	2
339	3320	1
339	3331	1
339	3338	1
339	3352	1
339	3380	1
339	3386	1
339	3388	1
339	3389	1
339	3390	1
339	3391	7
339	3392	1
339	3393	1
339	3394	1
339	3395	1
339	3398	1
339	3412	1
339	3413	1
339	3415	1
339	3416	1
339	3419	3
339	3422	1
339	3426	1
339	3427	1
339	3430	1
339	3431	1
339	3432	1
339	3438	1
339	3440	1
339	3452	1
339	3475	1
339	3483	1
339	3488	1
339	3489	1
339	3549	1
339	3561	1
339	3603	1
339	3611	1
339	3669	1
339	3670	1
339	3690	1
339	3715	1
339	3728	1
339	3741	1
339	3745	1
339	3754	1
339	3758	1
339	3784	1
339	3793	1
339	3820	1
339	3855	1
339	3876	1
339	3887	1
339	3900	1
339	3928	1
339	3942	1
339	3946	1
339	3953	1
339	3974	1
339	3978	1
339	4032	1
339	4034	1
339	4062	1
339	4092	3
339	4095	1
339	4097	1
339	4103	1
339	4104	1
339	4105	1
339	4111	1
339	4113	1
339	4117	1
339	4120	2
339	4128	1
339	4129	1
339	4136	1
339	4138	1
339	4142	1
339	4144	3
339	4147	1
339	4148	1
339	4160	5
339	4168	1
339	4172	1
339	4176	1
339	4184	1
339	4214	1
339	4280	1
339	4315	1
339	4343	1
339	4350	2
339	4361	1
339	4408	1
339	4426	1
339	4434	1
339	4459	1
339	4528	2
339	4546	1
339	4579	1
339	4601	1
339	4669	1
339	4701	1
339	4715	1
339	4764	1
339	4841	1
339	4845	1
339	4879	1
339	4920	1
339	4947	1
339	5013	1
339	5030	1
339	5048	1
339	5073	1
339	5074	1
339	5085	1
339	5113	1
339	5142	2
339	5147	1
339	5163	1
339	5189	1
339	5204	1
339	5207	1
339	5234	1
339	5260	1
339	5261	1
339	5266	1
339	5287	1
339	5288	1
339	5322	1
339	5330	1
339	5373	1
339	5375	1
339	5377	1
339	5384	1
339	5441	1
339	5485	1
339	5496	3
339	5497	1
339	5597	1
339	5605	1
339	5634	1
339	5670	1
339	5678	1
339	5680	1
339	5686	2
339	5687	1
339	5694	1
339	5701	2
339	5702	1
339	5703	1
339	5714	1
339	5737	1
339	5738	1
339	5743	1
339	5763	1
339	5765	2
339	5772	1
339	5776	1
339	5778	1
339	5781	1
339	5784	1
339	5791	1
339	5799	1
339	5802	1
339	5811	1
339	5815	1
339	5817	1
339	5819	1
339	5825	3
339	5829	1
339	5835	1
339	5836	1
339	5837	1
339	5858	2
339	5860	1
339	5867	1
339	5934	1
339	5952	1
339	5964	1
339	5965	1
339	5968	1
339	5974	1
339	6002	1
339	6010	1
339	6056	1
339	6078	1
339	6094	1
339	6253	1
339	6266	1
339	6272	2
339	6281	1
339	6328	1
339	6354	1
339	6398	1
339	6518	1
339	6552	1
339	6577	1
339	6616	2
339	6618	1
339	6623	1
339	6625	1
339	6626	1
339	6649	1
339	6665	1
339	6704	1
339	6707	2
339	6719	1
339	6848	1
339	6875	1
339	6904	1
339	6906	1
339	6912	1
339	6922	1
339	6930	1
339	6935	1
339	6939	1
339	6945	1
339	6962	1
339	6992	1
339	6996	1
339	7017	1
339	7028	1
339	7080	1
339	7083	1
339	7092	1
339	7096	2
339	7100	1
339	7139	1
339	7143	1
339	7157	1
339	7158	1
339	7160	1
339	7198	1
339	7219	1
339	7226	1
339	7235	1
339	7248	1
339	7282	1
339	7287	1
339	7309	1
339	7310	1
339	7329	1
339	7368	1
339	7369	2
339	7371	1
339	7372	1
339	7442	1
339	7444	1
339	7445	1
339	7477	1
339	7483	1
339	7493	1
339	7523	1
339	7534	1
339	7568	1
339	7609	1
339	7622	3
339	7623	1
339	7626	1
339	7629	1
339	7632	1
339	7636	2
339	7663	1
339	7683	1
339	7690	3
339	7698	2
339	7705	1
340	2415	1
340	2849	1
340	3018	1
340	5015	1
340	5195	1
340	6296	1
340	6323	1
340	7630	1
341	998	1
341	2062	1
341	2392	1
341	2443	1
341	2657	1
341	2830	1
341	3606	1
341	3930	1
341	4823	1
341	5319	1
341	5679	1
341	5825	1
341	6290	1
341	6403	1
341	6498	1
341	6564	1
341	6854	1
341	6926	1
341	7108	1
341	7223	1
341	7275	1
341	7635	1
342	1044	1
342	1143	1
342	1319	1
342	1341	1
342	1357	1
342	1397	1
342	1445	1
342	1467	1
342	1491	1
342	1939	1
342	3285	1
342	4315	1
342	4438	1
342	4538	1
342	4582	1
342	5227	1
342	5826	1
342	6479	1
342	6483	1
342	6496	1
342	6659	1
342	6928	1
342	7685	1
342	7707	1
343	1323	1
343	3675	1
343	4529	1
344	4848	1
344	5231	1
344	5597	1
344	7324	1
344	7539	1
344	7601	1
345	437	1
345	962	1
345	1296	1
345	1304	1
345	1343	1
345	1347	1
345	1353	1
345	1356	1
345	1361	1
345	1362	1
345	1363	1
345	1369	1
345	1438	1
345	1510	1
345	1511	1
345	1553	1
345	1624	1
345	1633	1
345	1778	1
345	1918	1
345	1941	1
345	2000	1
345	2038	1
345	2235	1
345	2293	1
345	2447	1
345	2749	1
345	2854	1
345	2934	1
345	3393	1
345	3591	1
345	3596	1
345	3609	1
345	3655	1
345	3688	1
345	3719	1
345	3726	1
345	4069	1
345	4130	1
345	4160	1
345	4324	1
345	4439	1
345	4463	1
345	4574	1
345	4618	1
345	4811	1
345	4873	1
345	5130	1
345	5265	1
345	5285	1
345	5287	2
345	5552	1
345	5566	1
345	5649	1
345	5877	1
345	5916	1
345	5968	1
345	5973	1
345	6378	1
345	6382	1
345	6555	1
345	6720	1
345	6752	1
345	6754	1
345	6767	1
345	7007	1
345	7161	1
345	7198	1
345	7461	1
345	7474	1
345	7563	1
345	7646	1
346	506	1
346	576	1
346	666	1
346	942	1
346	1009	1
346	1067	1
346	1114	1
346	1129	1
346	1130	1
346	1304	1
346	1333	1
346	1339	1
346	1422	1
346	1428	1
346	1429	1
346	1446	1
346	1476	1
346	1478	1
346	1481	1
346	1504	1
346	1507	1
346	1545	1
346	1560	1
346	1577	1
346	1578	1
346	1580	1
346	1581	1
346	1586	1
346	1590	1
346	1594	1
346	1613	1
346	1623	1
346	1640	1
346	2037	1
346	2357	1
346	2374	1
346	2389	1
346	2393	1
346	2430	1
346	2640	1
346	2670	1
346	2709	1
346	2816	1
346	2844	1
346	2965	1
346	3014	1
346	3074	1
346	3396	1
346	3589	1
346	3608	2
346	3621	1
346	3627	1
346	3643	1
346	3644	1
346	3718	1
346	3731	1
346	3815	1
346	3869	1
346	3878	1
346	3946	1
346	4019	1
346	4055	1
346	4078	1
346	4120	1
346	4197	1
346	4214	1
346	4278	1
346	4320	1
346	4331	1
346	4480	1
346	4498	1
346	4507	1
346	4518	1
346	4529	1
346	4548	1
346	4565	1
346	4578	1
346	4582	1
346	4583	1
346	4600	1
346	4605	1
346	4610	1
346	4613	1
346	4661	1
346	4669	1
346	4689	1
346	4740	1
346	4754	1
346	4890	1
346	4904	1
346	4909	1
346	4922	2
346	5045	1
346	5286	1
346	5340	1
346	5347	1
346	5348	1
346	5351	1
346	5359	1
346	5408	1
346	5671	1
346	5821	1
346	5959	1
346	6082	1
346	6248	1
346	6326	1
346	6333	1
346	6339	1
346	6367	1
346	6471	1
346	6479	1
346	6500	1
346	6501	1
346	6502	1
346	6503	1
346	6504	1
346	6505	1
346	6508	1
346	6509	1
346	6579	1
346	6659	1
346	6760	1
346	6984	1
346	7003	1
346	7129	1
346	7165	1
346	7194	1
346	7198	2
346	7216	1
346	7228	1
346	7248	1
346	7269	1
346	7320	1
346	7366	1
346	7390	1
346	7423	1
346	7429	1
346	7440	2
346	7441	1
346	7519	1
346	7636	1
347	456	1
347	1284	1
347	1543	1
347	1637	1
347	1700	1
347	1731	1
347	1810	1
347	1878	1
347	1979	1
347	1984	1
347	2211	1
347	2255	1
347	2321	1
347	3149	1
347	3260	1
347	3451	1
347	3490	1
347	3575	1
347	3582	1
347	3595	1
347	3602	1
347	3619	1
347	3637	1
347	3648	1
347	3652	1
347	3697	1
347	3698	1
347	3700	1
347	3704	1
347	3721	1
347	3730	1
347	4159	1
347	4525	1
347	4817	1
347	4818	1
347	4915	1
347	4956	1
347	4959	1
347	5172	1
347	5219	1
347	5342	1
347	5350	1
347	5357	1
347	5411	1
347	5570	1
347	6618	1
347	7140	1
347	7142	2
347	7198	1
347	7430	1
347	7451	1
347	7542	1
347	7569	1
347	7629	1
347	7646	1
347	7687	1
348	1078	1
348	1346	1
348	1607	1
348	1801	2
348	2033	1
348	2076	1
348	2417	1
348	2475	1
348	2846	1
348	2847	1
348	3020	1
348	3123	1
348	3301	1
348	3302	1
348	4284	1
348	5247	1
348	5381	1
348	5401	1
348	5417	1
348	6344	1
348	6633	1
348	6837	2
348	7146	1
348	7224	1
348	7285	1
348	7610	1
349	35	1
349	970	1
349	1344	1
349	1527	1
349	1557	1
349	1846	1
349	1855	1
349	2647	1
349	2752	1
349	2762	1
349	2816	1
349	2856	1
349	2893	1
349	3187	1
349	3317	1
349	3797	1
349	4462	1
349	4521	1
349	4706	1
349	4805	1
349	5035	1
349	6484	1
349	6676	1
349	6691	1
349	6802	1
349	7071	1
349	7140	1
349	7570	1
349	7642	1
349	7690	1
350	1388	1
350	1559	1
350	2188	1
350	2293	1
350	4033	1
350	4195	1
350	5730	1
350	6595	1
351	2371	1
351	3811	1
351	6788	1
352	1443	1
352	3886	1
352	5117	1
352	5737	1
352	6939	1
352	7448	1
353	1572	1
353	2103	1
353	2283	1
353	2296	1
353	5050	1
353	5748	1
353	6874	1
354	789	1
354	4179	1
354	6601	1
354	7264	1
354	7324	1
355	3598	1
355	5825	1
355	5900	1
356	1483	1
356	1578	1
356	2670	1
356	2781	1
356	4201	1
356	6782	1
356	7038	1
357	1668	1
357	2107	1
357	2278	1
357	2405	1
357	2742	1
357	3023	1
357	3308	1
357	3506	1
357	3555	1
357	4277	1
357	4819	1
357	5774	1
357	6258	1
357	6384	1
357	7426	1
357	7651	1
357	7692	1
358	1336	1
358	1373	1
358	5148	1
358	6673	1
358	6706	1
358	6905	1
358	6991	1
358	7623	1
359	1419	1
359	1503	1
359	3618	1
359	4721	1
359	5551	1
359	5772	1
359	5825	1
359	6903	1
360	1391	1
360	1421	1
360	1424	1
360	1433	1
361	942	1
361	1008	1
361	1233	1
361	1239	1
361	1287	1
361	1349	1
361	1376	1
361	1415	2
361	1512	1
361	1542	1
361	1876	1
361	1941	1
361	1943	2
361	2010	1
361	2046	1
361	2071	1
361	2349	1
361	2532	1
361	2861	1
361	2944	1
361	3021	1
361	3499	1
361	3592	1
361	3607	1
361	3608	1
361	4023	1
361	4178	1
361	4369	1
361	4420	1
361	4510	1
361	4537	1
361	4541	1
361	4830	1
361	4832	1
361	4895	1
361	5009	1
361	5301	1
361	5339	1
361	5889	1
361	6199	1
361	6201	1
361	6257	1
361	6291	1
361	6314	1
361	6407	1
361	7151	1
361	7159	1
361	7209	1
361	7210	1
361	7236	1
361	7248	1
361	7274	1
361	7295	2
361	7319	1
361	7328	1
361	7388	1
361	7633	1
362	1949	1
362	2020	1
362	3870	1
362	5014	1
362	5699	1
362	7517	1
363	954	1
363	1155	1
363	1504	1
363	1602	1
363	1674	1
363	1676	1
363	1688	1
363	1747	1
363	1801	2
363	1824	1
363	1850	1
363	1978	1
363	2028	1
363	2029	1
363	2034	1
363	2148	1
363	2391	1
363	2473	1
363	2623	1
363	2639	2
363	2822	1
363	2847	1
363	2908	1
363	2941	1
363	2948	1
363	2971	1
363	3167	1
363	3202	1
363	3301	1
363	3577	1
363	3633	1
363	3741	1
363	3872	1
363	3946	1
363	4007	1
363	4092	2
363	4099	1
363	4187	1
363	4188	1
363	4922	1
363	4935	1
363	5045	1
363	5125	1
363	5193	1
363	5255	1
363	5376	1
363	5402	1
363	5434	1
363	5488	1
363	5521	1
363	5537	1
363	5957	1
363	6000	1
363	6014	1
363	6346	1
363	6407	1
363	6479	1
363	6517	1
363	6527	1
363	6624	1
363	6654	1
363	6845	1
363	6911	1
363	6986	1
363	7115	1
363	7129	1
363	7133	1
363	7152	1
363	7281	1
363	7461	1
363	7602	1
363	7610	3
363	7629	1
363	7638	1
363	7646	1
364	1120	1
364	1242	1
364	1280	1
364	1311	1
364	1400	1
364	1452	1
364	1489	1
364	1491	1
364	1498	1
364	1505	1
364	1533	1
364	1544	1
364	1561	1
364	1564	1
364	1567	1
364	1575	1
364	1588	1
364	1597	1
364	1598	1
364	1599	1
364	1609	1
364	1648	1
364	1654	1
364	1710	1
364	1769	1
364	1801	1
364	1824	1
364	1941	1
364	2233	1
364	2301	1
364	2304	1
364	2307	1
364	2346	1
364	2410	1
364	2474	1
364	2513	1
364	2617	1
364	2653	1
364	2723	1
364	2829	1
364	3096	1
364	3132	1
364	3182	1
364	3192	1
364	3304	1
364	3548	1
364	3798	1
364	3969	1
364	4160	1
364	4207	1
364	4213	1
364	4340	1
364	4537	1
364	4575	1
364	4843	1
364	4860	1
364	4980	1
364	5002	1
364	5120	1
364	5151	1
364	5460	1
364	5638	1
364	5698	1
364	5703	1
364	5825	1
364	6057	1
364	6059	1
364	6092	1
364	6094	1
364	6259	1
364	6453	1
364	6490	1
364	6492	1
364	6662	1
364	6686	1
364	6800	1
364	6828	1
364	6922	1
364	6951	1
364	6998	1
364	7136	1
364	7405	1
364	7457	1
364	7468	1
364	7473	1
364	7513	1
364	7596	1
364	7601	1
364	7615	1
364	7690	1
364	7692	2
364	7694	1
364	7697	1
364	7698	2
365	1565	1
365	2639	1
365	3188	1
365	5839	1
365	6589	1
365	7457	1
365	7534	1
366	1119	1
366	4184	1
366	5292	1
366	6921	1
367	1240	1
367	1312	1
367	1384	1
367	1502	1
367	1546	1
367	1632	1
367	1635	1
367	1643	1
367	1651	1
367	1671	1
367	1674	1
367	1697	1
367	1705	1
367	1708	1
367	1715	1
367	1729	1
367	1746	1
367	1749	1
367	1819	1
367	1838	1
367	1842	1
367	1856	1
367	1924	1
367	1932	1
367	1955	1
367	1956	1
367	1976	1
367	1980	1
367	2015	1
367	2018	2
367	2039	1
367	2146	1
367	2249	1
367	2308	1
367	2333	1
367	2352	1
367	2457	1
367	2458	1
367	2459	1
367	2461	1
367	2462	1
367	2521	1
367	2609	1
367	2639	1
367	2643	1
367	2726	1
367	2740	1
367	2832	1
367	2836	1
367	2900	1
367	3042	1
367	3196	1
367	3225	1
367	3253	1
367	3276	1
367	3313	1
367	3318	1
367	3676	1
367	3686	1
367	3687	1
367	3712	1
367	3714	1
367	3746	1
367	3828	1
367	4069	1
367	4281	2
367	4282	1
367	4422	1
367	4601	1
367	4796	1
367	4799	1
367	4808	1
367	4876	1
367	4882	1
367	4891	1
367	4929	1
367	4931	1
367	4934	1
367	4935	1
367	4969	1
367	4971	1
367	4972	1
367	4973	1
367	5128	1
367	5162	1
367	5171	1
367	5174	1
367	5190	1
367	5208	1
367	5211	1
367	5212	1
367	5213	1
367	5233	1
367	5352	1
367	5391	1
367	5394	1
367	5405	1
367	5413	1
367	5423	1
367	5425	1
367	5426	1
367	5428	1
367	5436	1
367	5439	1
367	5484	1
367	5508	1
367	5509	1
367	5669	1
367	5818	1
367	6020	1
367	6043	1
367	6127	1
367	6282	1
367	6316	1
367	6362	1
367	6405	1
367	6517	1
367	6531	1
367	6589	1
367	6593	1
367	6624	1
367	6685	1
367	6707	1
367	6833	1
367	7049	1
367	7052	1
367	7053	1
367	7077	2
367	7119	1
367	7164	1
367	7171	1
367	7244	1
367	7246	1
367	7290	1
367	7542	1
367	7660	1
367	7684	1
368	3816	1
368	5321	1
368	5703	1
368	6337	1
368	6697	1
369	1548	1
369	1674	1
369	2917	1
369	3613	1
369	4001	1
369	4300	1
369	5366	1
369	7154	1
370	1569	1
370	4120	1
370	4392	1
370	5129	1
371	1873	1
371	2031	1
371	2963	2
371	2966	1
372	334	1
372	1125	1
372	1313	1
372	1339	1
372	1340	1
372	1405	1
372	1551	1
372	1631	1
372	1644	1
372	1650	1
372	2112	1
372	2286	1
372	2535	1
372	2755	1
372	2764	1
372	2767	1
372	3824	1
372	3951	1
372	4010	1
372	4151	1
372	4160	1
372	4421	2
372	4886	1
372	5626	1
372	5802	1
372	5887	1
372	5967	1
372	6546	1
372	6665	1
372	7065	1
372	7191	1
372	7501	1
372	7534	1
372	7572	1
372	7601	1
372	7690	2
373	1276	1
373	1508	1
373	1509	1
373	2480	1
373	5139	1
373	5220	1
373	5359	1
373	5794	1
373	6266	1
373	6674	1
373	6952	1
373	7066	1
373	7676	1
374	976	1
374	1384	1
374	1386	1
374	1521	1
374	1563	1
374	1582	1
374	1665	1
374	1674	1
374	1679	1
374	1691	1
374	1699	1
374	1706	1
374	1733	1
374	1779	1
374	1830	1
374	2033	1
374	2224	1
374	2239	1
374	2331	1
374	2374	2
374	2380	1
374	2537	1
374	2627	1
374	2628	1
374	2632	1
374	2639	1
374	2900	1
374	2942	1
374	3027	1
374	3125	1
374	3175	1
374	3301	1
374	3315	1
374	3364	1
374	3451	1
374	3572	1
374	3738	1
374	3990	1
374	4160	2
374	4164	1
374	4171	1
374	4185	1
374	4187	1
374	4424	1
374	4432	1
374	4433	1
374	4436	1
374	4507	1
374	4577	1
374	4580	1
374	4772	1
374	4910	1
374	5099	1
374	5118	1
374	5263	1
374	5338	1
374	5487	1
374	5505	1
374	5572	2
374	5577	1
374	5595	1
374	5600	1
374	5617	1
374	5618	1
374	5674	1
374	5684	1
374	5703	1
374	5761	1
374	5823	1
374	5825	2
374	5834	1
374	5914	1
374	5983	1
374	6499	1
374	6621	1
374	6682	1
374	6700	1
374	6791	1
374	6928	1
374	6939	1
374	6965	1
374	7032	3
374	7034	1
374	7104	1
374	7138	1
374	7140	1
374	7163	1
374	7295	1
374	7485	1
374	7563	1
374	7594	1
374	7621	1
374	7661	1
374	7673	1
374	7674	1
374	7690	1
374	7699	1
374	7704	1
375	14	1
375	1170	1
375	1531	1
375	1552	1
375	1659	1
375	1680	1
375	1702	1
375	1721	1
375	2192	1
375	2337	1
375	2399	1
375	2568	1
375	2887	1
375	3633	1
375	4092	1
375	4398	1
375	4421	1
375	4527	1
375	5119	1
375	5135	1
375	5496	1
375	5638	1
375	5639	1
375	5825	1
375	6243	1
375	6262	1
375	6307	1
375	6664	1
375	6930	1
375	7048	1
376	711	1
376	1145	1
376	2168	1
376	2343	1
376	3654	1
376	3685	1
376	4065	1
376	6445	1
377	1625	1
377	1681	1
377	1709	1
377	4423	1
377	4577	1
377	4815	1
377	5525	1
377	7167	1
378	3207	1
378	5244	2
378	5412	1
378	6435	1
378	6474	1
378	6477	1
379	2639	1
379	5983	1
379	6362	1
379	6415	1
379	6464	1
380	2222	1
380	3227	1
380	3244	1
380	7012	1
380	7153	1
381	2233	1
381	2502	1
381	2742	1
381	5951	1
381	6415	1
381	6446	1
381	6707	1
382	3114	1
382	3755	1
382	4431	1
382	5628	1
382	5686	1
382	5961	1
382	6427	1
382	7439	1
382	7691	1
383	16	1
383	1614	1
383	1738	1
383	2226	1
383	2228	1
383	2244	1
383	2366	1
383	2901	1
383	3603	1
383	3794	1
383	3867	1
383	4014	1
383	4092	1
383	4949	1
383	5010	1
383	6819	1
384	1128	1
384	1677	1
384	1751	1
384	2206	1
384	2234	1
384	2253	1
384	2940	1
384	3041	1
384	3981	1
384	4021	1
384	4085	1
384	4971	1
384	5367	1
384	5608	1
384	5764	1
384	5825	1
384	6119	1
384	6914	1
384	7703	1
