0	12	1
0	243	1
0	593	1
0	890	3
0	920	1
0	1034	1
0	1093	1
0	1118	1
0	1296	1
0	1386	3
0	1434	1
0	2107	1
0	2483	1
0	2516	1
0	2968	1
0	3382	1
0	3392	1
0	3532	1
0	3581	1
0	3658	1
0	3670	1
0	4591	1
0	4596	1
0	4607	1
0	4619	1
0	4766	1
0	5584	1
0	5804	1
0	5857	3
0	6232	1
0	6247	1
0	6347	1
1	15	1
1	128	1
1	1430	1
1	1632	1
1	2827	1
1	3465	1
1	4193	1
1	4691	1
1	4768	1
1	5857	1
1	6111	1
2	1458	1
2	2067	1
2	2406	1
2	2943	1
2	6242	1
3	16	1
3	688	1
3	761	1
3	1214	1
3	1571	1
3	1742	1
3	2502	1
3	2962	1
3	3422	1
3	3584	1
3	3592	1
3	3658	1
3	3711	1
3	3833	1
3	4058	1
3	4110	1
3	4619	1
3	4646	1
3	4696	1
3	4790	1
3	4946	1
3	5206	1
3	5578	1
3	5811	1
3	5857	1
3	6111	1
3	6347	1
3	6365	1
4	311	1
4	2985	1
4	6144	1
4	6370	1
5	1346	1
5	1501	1
5	1513	1
5	1615	1
5	1622	1
5	1632	1
5	2507	1
5	3595	1
5	4115	1
5	4826	1
5	4849	1
5	4904	1
5	5238	1
5	5882	1
5	5902	1
6	1346	1
6	2674	1
6	4110	1
6	4422	1
6	4531	1
6	5070	1
6	5130	1
6	5329	1
6	5839	1
6	5869	1
6	6348	1
7	47	1
7	1041	1
7	1340	1
7	1742	1
7	2120	1
7	3242	1
7	3979	1
7	4463	1
7	4586	1
7	5009	1
7	5109	1
7	5195	1
7	5206	1
7	5307	1
7	5309	1
7	6026	1
7	6385	2
8	280	1
8	393	1
8	578	1
8	591	1
8	1028	1
8	1786	1
8	2340	1
8	2369	1
8	3558	1
8	3888	1
8	4993	1
8	5027	1
8	5195	1
8	5206	1
8	5247	1
8	5286	1
8	5296	1
8	5303	1
8	5325	1
8	5332	1
8	5496	1
8	5811	2
8	5953	1
8	6004	1
8	6020	1
8	6092	1
8	6256	1
9	478	1
9	736	1
9	741	1
9	1742	1
9	3235	1
9	3347	1
9	4027	1
9	4037	1
9	4042	1
9	4044	1
9	4435	1
9	5099	1
9	5107	1
9	5365	1
9	5478	1
9	5512	1
10	2015	1
10	4074	1
10	4337	1
11	1035	1
11	1812	1
11	1859	1
11	1915	1
11	2039	1
11	2084	1
11	2333	1
11	2397	1
11	2410	1
11	2723	1
11	2904	1
11	3335	1
11	3356	1
11	3843	1
11	3866	1
11	3925	1
11	4007	1
11	4116	2
11	4244	1
11	4453	1
11	4463	2
11	4521	1
11	4682	1
11	4691	2
11	5028	1
11	5118	1
11	5206	1
11	5327	1
11	5330	1
11	5334	1
11	5335	1
11	5355	1
11	5368	1
11	5459	1
11	5489	1
11	5501	1
11	5909	1
11	6072	1
11	6162	1
11	6176	1
11	6381	1
12	1336	1
12	1698	1
12	2798	1
12	3241	1
12	4116	1
12	4435	1
12	5271	1
12	5361	1
12	5993	1
12	6004	3
13	29	1
13	36	1
13	588	1
13	590	1
13	591	1
13	953	1
13	1053	1
13	1955	1
13	1996	1
13	2076	1
13	2084	2
13	4058	1
13	4116	1
13	4141	1
13	6176	1
14	104	1
14	193	1
14	194	1
14	279	1
14	622	1
14	761	1
14	978	1
14	1165	1
14	1341	1
14	1368	1
14	1811	1
14	1812	1
14	1813	1
14	1818	1
14	1819	1
14	1842	1
14	2355	1
14	2364	1
14	2370	2
14	2394	1
14	2396	2
14	3027	1
14	3119	1
14	3266	1
14	3810	1
14	3842	2
14	4724	1
14	4974	1
14	5102	2
14	5113	1
14	5124	1
14	5126	2
14	5141	1
14	5145	1
14	5206	1
14	5328	1
14	5484	1
14	5645	1
14	5714	1
14	5753	1
14	5782	1
14	6104	1
14	6167	1
15	830	1
15	1915	1
15	2101	1
15	2921	1
15	4098	1
15	4141	1
15	6066	1
15	6081	1
16	281	1
16	284	1
16	301	1
16	326	1
16	327	1
16	328	1
16	335	1
16	338	1
16	536	1
16	854	1
16	1436	1
16	1481	1
16	1530	1
16	1604	1
16	1669	1
16	1742	1
16	1867	1
16	1884	1
16	2084	1
16	2252	1
16	2748	1
16	2765	1
16	2913	1
16	3029	1
16	3115	1
16	3175	1
16	3188	1
16	3256	1
16	3362	1
16	3373	1
16	3413	1
16	3586	1
16	3838	1
16	3842	1
16	3917	1
16	4095	1
16	4116	1
16	4156	1
16	4350	1
16	4354	1
16	4364	1
16	4409	1
16	4450	1
16	4485	1
16	4691	1
16	4946	1
16	5066	1
16	5067	1
16	5093	1
16	5164	2
16	5165	2
16	5196	1
16	5330	1
16	5507	1
16	5678	1
16	5696	1
16	5911	2
16	5916	1
16	5955	1
16	6045	1
16	6074	1
16	6083	1
16	6094	1
16	6144	1
16	6165	1
16	6325	1
16	6351	1
16	6385	1
17	6	1
17	15	1
17	16	1
17	21	1
17	29	1
17	676	1
17	890	1
17	1430	1
17	1511	1
17	1524	1
17	1545	1
17	1601	2
17	1604	1
17	1610	1
17	2023	1
17	2427	1
17	2524	1
17	3413	1
17	4059	2
17	4350	1
17	4613	1
17	4730	1
17	5940	1
17	6232	1
17	6241	1
17	6318	1
18	465	1
18	684	1
18	890	1
18	1054	1
18	1111	1
18	1122	1
18	1194	1
18	1586	1
18	1742	1
18	2166	1
18	2176	1
18	2621	1
18	2637	1
18	2891	1
18	2900	1
18	3382	1
18	3478	1
18	3558	1
18	3577	1
18	4071	1
18	4098	1
18	4116	1
18	4431	1
18	4457	1
18	4591	1
18	4644	1
18	4691	2
18	4743	1
18	4805	1
18	5310	1
18	5360	1
18	5432	1
18	5502	1
18	5557	1
18	5708	1
18	5709	1
18	5863	1
18	6033	1
18	6303	1
19	639	1
19	1395	1
19	3342	1
19	3554	1
19	4116	2
19	4136	1
19	4398	1
19	4551	1
19	4678	1
19	5206	2
20	590	1
20	2084	1
20	3441	1
20	3445	1
20	3543	1
20	3979	1
20	4027	1
20	4200	1
20	4247	1
20	4316	1
20	4355	1
20	4730	1
20	5206	1
20	5252	1
20	5481	1
20	6176	1
21	205	1
21	274	1
21	684	1
21	1026	1
21	2471	1
21	2875	1
21	4757	1
21	5124	1
21	5586	1
21	5839	1
22	3037	1
22	3670	1
22	4116	1
22	6151	1
23	1501	1
23	1524	1
23	1623	1
23	4663	1
23	4691	1
23	6162	1
24	688	1
24	2074	1
24	2748	1
24	3382	1
24	4781	1
24	5329	1
24	5592	1
24	6347	1
25	16	1
25	274	1
25	934	1
25	1026	1
25	1122	1
25	2567	1
25	3511	1
25	3560	1
25	3607	1
25	4058	1
25	4757	1
25	4768	1
25	5885	1
26	111	1
26	260	1
26	275	1
26	431	1
26	619	1
26	736	1
26	964	1
26	1169	1
26	1222	1
26	1351	1
26	1554	1
26	1593	1
26	1731	1
26	1915	1
26	1946	1
26	2020	1
26	2091	1
26	2097	1
26	2175	1
26	2436	1
26	2837	1
26	2861	1
26	2871	1
26	2929	1
26	2933	1
26	3287	1
26	3470	1
26	3519	1
26	3629	1
26	3630	1
26	3644	1
26	3830	1
26	3836	1
26	3979	1
26	4019	1
26	4101	1
26	4116	1
26	4156	1
26	4244	1
26	4252	1
26	4318	1
26	4530	1
26	4576	1
26	4687	1
26	4738	1
26	4747	1
26	4807	1
26	4834	1
26	4949	1
26	4991	1
26	5036	1
26	5105	1
26	5161	1
26	5283	1
26	5297	1
26	5314	1
26	5347	1
26	5397	1
26	5403	1
26	5452	1
26	5498	1
26	5772	1
26	5886	1
26	5890	1
26	5916	1
26	5924	1
26	5951	1
26	6081	1
26	6133	1
26	6151	1
26	6157	1
26	6166	1
26	6321	2
26	6326	1
27	699	1
27	2084	1
27	2252	1
27	3259	1
27	3352	1
27	4122	1
27	4124	1
27	4202	1
27	4224	1
27	5666	1
27	5935	1
27	6352	1
28	147	1
28	397	1
28	890	1
28	1112	1
28	2410	1
28	2634	1
28	3382	1
28	3668	1
28	5206	1
28	5445	1
28	5572	1
28	6098	1
29	866	1
29	6074	4
30	364	1
30	1945	1
30	2084	1
30	2092	1
30	3681	1
30	4072	1
31	388	1
31	932	1
31	1091	1
31	1159	1
31	1387	1
31	1617	1
31	2526	1
31	2674	1
31	3441	1
31	3594	1
31	4244	1
31	4770	1
31	5306	1
31	5572	1
31	5634	1
31	6211	1
31	6242	1
31	6249	1
31	6260	1
31	6345	1
32	953	1
32	963	1
32	1207	1
32	1236	1
32	1742	1
32	1915	1
32	1924	1
32	1932	1
32	1981	1
32	2068	1
32	2073	1
32	2084	1
32	2152	1
32	2410	1
32	2802	1
32	2851	1
32	2997	1
32	3621	1
32	3979	1
32	4059	1
32	4077	1
32	4116	1
32	4134	1
32	4202	1
32	4399	1
32	4440	1
32	4573	1
32	4762	1
33	1087	1
33	1996	1
33	2615	1
33	2621	1
33	2667	1
33	2887	1
33	2900	1
33	3340	1
33	3429	1
33	3534	1
33	3854	1
33	3871	1
33	3873	1
33	3925	1
33	4420	1
33	4619	1
33	4748	1
33	5009	1
33	5481	1
33	6004	1
34	832	1
34	1309	1
34	2076	1
34	3923	1
34	3935	1
34	5501	1
35	59	1
35	562	1
35	1393	1
35	1653	1
35	2141	1
35	2206	1
35	2793	1
35	3830	1
35	3976	1
35	4487	1
35	5194	1
35	5369	1
35	5949	1
35	5977	1
35	6004	1
35	6021	1
35	6162	1
36	1531	1
36	1590	1
36	1898	1
36	2619	1
36	4116	1
36	4130	1
36	4156	2
36	5119	1
36	5387	1
37	186	1
37	761	1
37	1053	1
37	1511	1
37	1571	1
37	1916	1
37	1975	1
37	2014	1
37	2084	1
37	2538	1
37	3265	1
37	3352	1
37	3429	2
37	3436	1
37	4453	1
37	4619	1
37	4621	1
37	4781	1
37	4824	1
37	5206	2
37	5208	1
37	5940	1
37	6176	1
37	6250	1
37	6322	1
37	6385	1
38	645	1
38	1510	1
38	2359	1
38	2420	1
38	2940	1
38	3183	1
38	3672	1
38	3928	1
38	4329	1
38	4594	1
38	4599	1
38	5131	1
38	5140	1
38	5274	1
38	5397	1
38	5817	1
38	5892	1
39	821	1
39	857	1
39	2141	1
39	2896	1
39	2901	1
39	6127	1
40	1753	1
40	3098	1
40	4442	1
40	5165	1
40	5360	1
40	5970	1
41	5135	1
41	5296	1
41	5330	1
41	5730	1
41	6378	1
42	80	1
42	344	1
42	1456	1
42	1521	1
42	1553	1
42	1561	1
42	2027	1
42	2254	1
42	2410	1
42	2762	1
42	3572	1
42	4399	1
42	4640	1
42	4730	1
42	4735	1
42	4748	1
42	4948	1
42	5238	1
42	5323	1
42	5397	1
42	5809	1
42	6004	1
42	6142	1
42	6178	1
42	6303	1
42	6376	1
42	6385	2
43	1430	1
43	2823	1
43	2839	1
43	3510	1
43	4908	1
43	5751	1
44	85	1
44	231	1
44	243	1
44	388	1
44	639	1
44	662	1
44	717	1
44	761	1
44	1476	1
44	1680	1
44	1933	1
44	2231	1
44	2410	2
44	2445	1
44	2674	1
44	2966	1
44	3674	1
44	4289	1
44	4358	1
44	4402	1
44	4546	1
44	4722	1
44	4864	1
44	5457	1
44	6023	1
44	6212	1
45	203	1
45	216	1
45	258	1
45	594	1
45	890	1
45	1698	1
45	2254	1
45	2337	1
45	2476	1
45	2485	1
45	2524	1
45	2594	1
45	2621	1
45	2669	1
45	2715	1
45	2745	1
45	2798	1
45	3280	1
45	3335	1
45	3344	1
45	3382	1
45	3427	1
45	3482	1
45	3540	1
45	3561	1
45	3567	1
45	3868	1
45	3872	1
45	3882	1
45	3976	1
45	4242	1
45	4401	1
45	4691	1
45	4801	1
45	4849	1
45	4921	1
45	4958	1
45	5072	1
45	5107	1
45	5128	1
45	5171	1
45	5337	1
45	5397	1
45	5408	1
45	5529	1
45	5556	1
45	5613	1
45	5625	1
45	5784	1
45	5951	2
45	6004	1
45	6065	1
45	6237	1
45	6280	1
46	1251	1
46	2414	1
46	5397	1
47	89	1
47	168	1
47	281	1
47	364	1
47	414	1
47	420	1
47	425	1
47	426	1
47	431	1
47	437	1
47	439	1
47	444	1
47	453	1
47	454	1
47	457	1
47	458	1
47	492	1
47	604	1
47	743	1
47	751	1
47	761	1
47	971	1
47	1044	1
47	1079	1
47	1154	1
47	1238	1
47	1271	1
47	1285	1
47	1353	1
47	1467	1
47	1498	1
47	1562	1
47	1603	1
47	1670	1
47	1712	1
47	1762	1
47	1766	1
47	1832	1
47	1852	1
47	1903	1
47	1909	1
47	1915	1
47	2021	1
47	2097	1
47	2262	1
47	2280	1
47	2319	1
47	2347	1
47	2354	1
47	2362	1
47	2410	1
47	2411	1
47	2413	1
47	2449	1
47	2517	1
47	2553	1
47	2571	1
47	2591	1
47	2627	1
47	2631	1
47	2674	1
47	2682	1
47	2692	1
47	2694	1
47	2702	1
47	2734	1
47	2808	1
47	2830	1
47	2861	1
47	3051	1
47	3100	1
47	3120	1
47	3163	1
47	3183	1
47	3203	1
47	3221	1
47	3326	1
47	3382	1
47	3387	1
47	3527	1
47	3578	1
47	3605	1
47	3610	1
47	3634	1
47	3767	1
47	3960	1
47	3979	1
47	3999	1
47	4014	1
47	4074	1
47	4204	1
47	4425	1
47	4520	1
47	4611	1
47	4618	1
47	4627	1
47	4647	1
47	4671	1
47	4792	1
47	4828	1
47	4955	1
47	5040	1
47	5045	1
47	5046	1
47	5106	1
47	5134	1
47	5163	1
47	5206	1
47	5251	1
47	5405	1
47	5468	1
47	5481	1
47	5487	1
47	5508	1
47	5525	1
47	5587	1
47	5590	1
47	5657	1
47	5684	1
47	5704	1
47	5854	1
47	6055	1
47	6118	1
47	6200	1
47	6232	3
47	6378	1
48	216	1
48	890	1
48	1367	1
48	1561	1
48	2410	1
49	424	1
49	1518	1
49	4116	1
49	4691	1
49	5999	1
50	27	1
50	29	1
50	2524	1
50	3920	1
50	4233	1
50	4456	1
50	5206	2
51	29	1
51	497	1
51	3193	1
51	4396	1
51	4536	1
51	4624	1
51	5560	1
51	6383	1
52	309	1
52	1395	1
52	1531	1
52	3712	1
52	3747	1
52	3777	1
52	4202	1
53	240	1
53	395	1
53	764	1
53	1089	1
53	1178	1
53	1250	1
53	1300	1
53	1954	1
53	1980	1
53	2219	1
53	2252	1
53	2460	1
53	2488	1
53	2596	1
53	3352	1
53	3443	1
53	3878	1
53	4116	1
53	4218	1
53	4247	1
53	4346	1
53	4457	1
53	4691	1
53	5330	1
53	6110	1
53	6145	1
53	6176	1
53	6303	1
54	212	1
54	232	1
54	270	1
54	890	1
54	891	1
54	932	1
54	1002	1
54	1020	1
54	1113	1
54	1149	1
54	1152	1
54	1153	1
54	1284	1
54	1309	1
54	1363	1
54	1376	1
54	1381	1
54	2488	1
54	2669	1
54	2760	1
54	3382	1
54	3623	1
54	4000	1
54	4212	1
54	4518	1
54	4600	1
54	5084	1
54	5275	1
54	6232	1
55	245	1
55	2246	1
55	2619	1
55	4852	1
55	5112	1
55	5184	1
55	5277	1
55	6162	1
56	93	1
56	167	1
56	1452	1
56	2013	1
56	2049	1
56	2061	1
56	2063	1
56	2082	1
56	2084	1
56	2097	1
56	2101	2
56	2847	1
56	2922	1
56	3481	2
56	4691	1
56	6349	2
56	6350	1
57	1900	1
57	2834	1
57	3509	1
57	3968	1
58	400	1
58	633	1
58	741	1
58	890	1
58	968	1
58	1042	1
58	1047	1
58	1223	1
58	1247	1
58	1350	1
58	1734	1
58	2218	1
58	2252	1
58	2302	1
58	2717	1
58	2754	1
58	2992	1
58	3188	1
58	3778	1
58	3919	1
58	4116	3
58	4198	1
58	4200	1
58	4247	1
58	4263	1
58	4329	1
58	4394	1
58	4469	1
58	4560	1
58	4625	1
58	4722	1
58	4726	1
58	4852	1
58	4873	1
58	4936	1
58	5023	1
58	5036	1
58	5056	1
58	5099	1
58	5183	1
58	5206	1
58	5208	1
58	5216	1
58	5245	2
58	5397	1
58	5733	1
58	5895	1
58	5909	1
58	6004	1
58	6128	1
58	6378	1
58	6381	1
59	21	1
59	507	1
59	530	1
59	890	1
59	1150	1
59	1309	1
59	1430	2
59	1442	3
59	1443	1
59	1449	1
59	1450	1
59	1456	1
59	1488	1
59	1504	1
59	1519	1
59	1522	1
59	1566	1
59	1567	1
59	1570	1
59	1576	1
59	1605	1
59	1616	1
59	1635	1
59	1704	1
59	1783	1
59	2245	1
59	2410	1
59	2411	1
59	2449	1
59	2529	1
59	2561	1
59	2712	1
59	2754	1
59	2925	1
59	3299	1
59	3347	1
59	3405	1
59	3481	1
59	3557	1
59	3580	1
59	3584	1
59	3596	1
59	4116	5
59	4268	1
59	4316	1
59	4346	1
59	4394	1
59	4401	1
59	4415	1
59	4617	1
59	4691	2
59	4730	1
59	4814	1
59	4865	1
59	5088	1
59	5097	1
59	5322	1
59	5753	1
59	5884	1
59	5961	1
59	6024	1
59	6070	1
59	6127	1
59	6136	1
59	6151	1
59	6162	1
59	6249	1
60	74	1
60	77	1
60	111	1
60	247	1
60	255	1
60	268	1
60	355	1
60	392	1
60	394	1
60	405	1
60	422	1
60	426	1
60	430	1
60	454	2
60	529	1
60	635	1
60	637	1
60	639	4
60	643	1
60	661	1
60	678	1
60	692	1
60	711	1
60	759	1
60	868	1
60	890	6
60	916	1
60	955	1
60	990	1
60	1027	1
60	1047	1
60	1051	1
60	1086	1
60	1150	1
60	1159	1
60	1171	1
60	1190	1
60	1217	1
60	1237	1
60	1239	1
60	1261	1
60	1299	1
60	1361	1
60	1373	1
60	1377	1
60	1410	1
60	1485	1
60	1502	1
60	1529	1
60	1552	1
60	1579	1
60	1586	2
60	1597	1
60	1625	1
60	1746	1
60	1764	1
60	1775	1
60	1814	1
60	1899	1
60	1915	2
60	2010	1
60	2021	1
60	2067	1
60	2097	1
60	2111	1
60	2153	1
60	2228	1
60	2239	1
60	2271	1
60	2276	1
60	2278	1
60	2323	1
60	2387	1
60	2430	1
60	2433	1
60	2466	1
60	2490	1
60	2520	1
60	2595	1
60	2603	1
60	2607	1
60	2665	1
60	2717	2
60	2721	1
60	2723	1
60	2765	1
60	2772	1
60	2796	1
60	2825	1
60	2891	1
60	2948	1
60	2950	1
60	3141	1
60	3251	1
60	3284	1
60	3323	1
60	3344	2
60	3345	1
60	3353	1
60	3362	1
60	3378	1
60	3381	1
60	3405	1
60	3482	1
60	3493	1
60	3534	1
60	3541	1
60	3545	1
60	3586	1
60	3595	1
60	3596	1
60	3619	1
60	3667	1
60	3705	1
60	3707	1
60	3712	1
60	3765	1
60	3834	1
60	3866	1
60	3872	1
60	3895	1
60	3909	1
60	3952	1
60	3979	1
60	4156	2
60	4290	1
60	4418	1
60	4437	1
60	4463	1
60	4511	1
60	4528	1
60	4593	1
60	4604	1
60	4616	1
60	4652	1
60	4673	1
60	4679	1
60	4691	2
60	4711	1
60	4712	1
60	4774	1
60	4775	1
60	4786	1
60	4801	1
60	4817	1
60	4847	1
60	4849	1
60	4858	1
60	4862	1
60	4902	1
60	4929	1
60	4933	1
60	4935	1
60	4981	1
60	5023	2
60	5031	1
60	5037	1
60	5050	1
60	5051	1
60	5094	1
60	5126	1
60	5131	2
60	5133	1
60	5157	1
60	5253	1
60	5297	2
60	5333	1
60	5437	1
60	5481	1
60	5527	1
60	5557	1
60	5634	1
60	5679	1
60	5723	1
60	5728	1
60	5743	1
60	5753	2
60	5759	1
60	5766	1
60	5771	1
60	5811	1
60	5860	1
60	5868	1
60	5871	1
60	5885	1
60	5918	1
60	5921	1
60	6008	1
60	6058	1
60	6064	1
60	6078	1
60	6083	1
60	6098	1
60	6106	1
60	6121	1
60	6151	1
60	6153	1
60	6162	2
60	6176	1
60	6226	1
60	6232	1
60	6260	1
60	6291	1
60	6296	2
60	6336	1
60	6340	1
60	6372	1
60	6384	1
61	1430	1
61	1679	1
61	2163	1
61	3692	1
61	3969	1
61	4180	1
61	4298	1
61	4300	1
61	4311	1
61	4331	1
61	4372	1
61	5702	1
62	2304	1
62	2410	1
62	2569	1
62	3332	1
62	3909	1
62	4116	1
62	4691	1
62	4743	1
62	5931	1
63	720	1
63	1250	1
63	2165	1
63	3819	1
63	3832	1
63	3857	1
63	5206	1
63	6091	1
64	667	1
64	702	1
64	1517	1
64	1550	1
64	2355	1
64	2600	1
64	3282	1
64	3439	1
64	3495	1
64	4060	1
64	4116	1
64	4663	1
64	4691	2
64	5366	1
64	6304	1
64	6308	1
65	179	1
65	2165	1
65	2483	1
65	2820	1
65	4116	1
65	4381	1
65	5871	1
66	536	1
66	1513	1
66	1606	1
66	1622	1
66	1625	1
66	2097	3
66	3979	1
66	4116	1
66	4358	2
66	4530	1
66	5148	1
66	5918	1
66	6160	1
66	6326	2
66	6329	4
67	366	1
67	712	1
67	1915	1
67	2101	1
67	2104	1
67	3451	1
67	4513	1
67	5313	1
68	89	1
68	93	1
68	97	1
68	204	1
68	342	1
68	561	1
68	568	1
68	702	1
68	743	1
68	838	1
68	851	1
68	1137	1
68	1430	1
68	1891	1
68	1943	1
68	1965	1
68	2318	1
68	3004	1
68	3035	1
68	3194	1
68	3246	1
68	3255	1
68	3332	1
68	3570	1
68	3583	1
68	3694	1
68	3718	1
68	3837	1
68	3870	1
68	3984	1
68	3991	1
68	4064	1
68	4069	1
68	4078	1
68	4079	1
68	4083	1
68	4116	6
68	4128	1
68	4167	1
68	4184	1
68	4194	1
68	4218	1
68	4245	1
68	4263	1
68	4286	1
68	4292	1
68	4310	1
68	4329	3
68	4332	1
68	4335	1
68	4366	1
68	4381	1
68	4386	1
68	4387	1
68	4597	1
68	4684	1
68	4691	2
68	4715	1
68	4724	2
68	4730	1
68	4731	1
68	4749	1
68	4752	1
68	4753	1
68	4877	1
68	4880	1
68	5051	1
68	5095	1
68	5206	2
68	5341	1
68	5366	1
68	5558	1
68	6074	1
68	6080	1
68	6127	1
68	6177	1
68	6255	1
68	6269	1
68	6274	1
68	6355	1
68	6385	1
69	656	1
69	701	1
69	876	1
69	1437	1
69	1655	1
69	2252	1
69	3630	1
69	4370	1
69	4691	2
69	4807	1
69	4859	1
69	4875	1
69	5481	1
69	5790	1
69	6004	1
70	46	1
70	126	1
70	179	1
70	230	1
70	309	1
70	600	1
70	601	1
70	610	1
70	612	1
70	780	1
70	1310	1
70	1802	1
70	2146	1
70	2168	1
70	2241	1
70	2250	1
70	2252	1
70	2339	1
70	2396	1
70	2723	1
70	2862	1
70	3469	1
70	3546	1
70	4116	1
70	4156	2
70	4290	1
70	4446	1
70	4552	1
70	5165	1
70	5206	3
70	5274	1
70	5338	1
70	5359	1
70	5481	3
70	5483	1
70	5485	1
70	5499	1
70	5502	1
70	5507	1
70	5617	1
70	5706	1
70	5783	1
70	6012	1
70	6061	1
70	6105	1
70	6106	1
70	6136	1
70	6162	3
70	6260	1
70	6343	1
70	6356	1
70	6380	1
71	2184	1
71	3227	1
71	4536	1
71	5966	1
71	6036	1
72	2111	1
72	2355	1
72	3852	1
72	5207	1
72	5397	1
73	734	1
73	784	1
73	1003	1
73	1042	1
73	1180	1
73	1185	1
73	1505	1
73	2091	1
73	2111	1
73	2455	1
73	2529	1
73	2832	1
73	3012	1
73	3630	1
73	3691	1
73	4116	2
73	4240	1
73	4254	1
73	4324	1
73	4371	1
73	4385	1
73	4393	1
73	4396	1
73	4489	1
73	4536	1
73	4594	1
73	4863	1
73	5397	1
73	5688	1
73	5753	1
73	6047	1
74	524	1
74	592	1
74	1915	1
74	2662	1
74	3748	1
74	5427	1
74	5481	1
74	5606	1
75	1381	1
75	2041	1
75	4142	1
75	4558	1
75	4794	1
75	5811	1
76	179	1
76	341	1
76	373	1
76	411	1
76	489	1
76	761	1
76	816	1
76	1310	1
76	2153	1
76	2836	1
76	2903	1
76	3489	2
76	3503	1
76	4014	1
76	4053	1
76	4433	1
76	4965	1
76	5122	1
76	5571	1
76	5667	1
76	5717	1
76	5753	1
76	6004	1
76	6264	1
76	6326	1
77	1216	1
77	2555	1
77	2902	1
77	3250	1
77	3712	1
77	4158	1
77	4956	1
77	5502	1
78	420	1
78	1369	1
78	1389	1
78	1663	1
78	2533	1
78	3623	1
78	3787	1
78	4728	1
78	5069	1
78	5289	1
78	5686	1
78	6083	1
79	81	1
79	123	1
79	126	1
79	138	1
79	185	1
79	210	1
79	215	1
79	225	1
79	262	1
79	348	1
79	364	1
79	388	1
79	406	1
79	505	1
79	545	1
79	577	1
79	639	1
79	659	1
79	701	1
79	719	1
79	781	1
79	890	4
79	891	1
79	921	1
79	938	1
79	943	1
79	953	1
79	975	1
79	995	1
79	996	1
79	1008	1
79	1023	1
79	1039	1
79	1041	1
79	1075	1
79	1092	1
79	1110	1
79	1120	1
79	1123	1
79	1124	1
79	1159	3
79	1168	1
79	1184	1
79	1228	1
79	1231	1
79	1233	1
79	1277	1
79	1287	1
79	1309	2
79	1313	1
79	1315	1
79	1317	1
79	1320	1
79	1322	1
79	1326	1
79	1327	1
79	1330	1
79	1331	1
79	1333	1
79	1349	1
79	1356	1
79	1367	1
79	1381	1
79	1403	1
79	1416	1
79	1430	4
79	1431	1
79	1432	1
79	1434	1
79	1442	3
79	1446	1
79	1447	1
79	1448	1
79	1449	1
79	1450	2
79	1466	1
79	1471	1
79	1486	1
79	1488	1
79	1490	1
79	1503	1
79	1505	2
79	1507	1
79	1516	1
79	1542	1
79	1547	1
79	1549	1
79	1557	1
79	1560	1
79	1572	1
79	1580	1
79	1585	1
79	1595	1
79	1611	1
79	1622	2
79	1625	2
79	1626	3
79	1636	1
79	1667	1
79	1719	1
79	1756	1
79	1777	1
79	1843	1
79	1888	2
79	1923	1
79	1985	1
79	2066	1
79	2084	2
79	2107	1
79	2245	1
79	2285	1
79	2324	1
79	2326	1
79	2327	1
79	2352	1
79	2391	1
79	2402	1
79	2410	4
79	2420	1
79	2430	1
79	2439	1
79	2445	1
79	2449	1
79	2456	1
79	2465	1
79	2485	1
79	2489	1
79	2501	1
79	2508	1
79	2524	1
79	2545	1
79	2564	1
79	2566	1
79	2570	1
79	2586	1
79	2598	1
79	2615	1
79	2621	1
79	2652	1
79	2656	1
79	2663	1
79	2666	1
79	2670	1
79	2689	1
79	2693	1
79	2738	1
79	2750	1
79	2753	1
79	2769	1
79	2770	1
79	2780	1
79	2800	1
79	2813	1
79	2826	1
79	2844	1
79	2845	1
79	2852	1
79	2861	1
79	2884	1
79	2896	1
79	2939	1
79	2945	1
79	2959	2
79	2969	1
79	2979	1
79	2989	1
79	2996	1
79	3010	1
79	3025	1
79	3123	1
79	3157	1
79	3169	1
79	3175	1
79	3182	1
79	3208	1
79	3263	1
79	3378	1
79	3382	1
79	3399	1
79	3400	1
79	3414	1
79	3415	1
79	3420	1
79	3456	1
79	3497	1
79	3512	1
79	3517	1
79	3521	1
79	3532	1
79	3535	1
79	3538	1
79	3547	1
79	3561	1
79	3565	1
79	3590	1
79	3627	1
79	3630	1
79	3631	1
79	3633	1
79	3635	1
79	3636	1
79	3639	1
79	3644	1
79	3853	1
79	3995	1
79	3999	1
79	4024	1
79	4045	1
79	4061	1
79	4062	1
79	4068	1
79	4069	1
79	4086	1
79	4115	1
79	4116	2
79	4156	1
79	4189	1
79	4208	1
79	4315	1
79	4324	1
79	4334	1
79	4335	1
79	4368	1
79	4415	1
79	4421	1
79	4424	1
79	4605	1
79	4622	1
79	4626	1
79	4632	1
79	4641	1
79	4649	1
79	4653	1
79	4659	1
79	4664	1
79	4672	1
79	4691	1
79	4694	1
79	4703	1
79	4758	1
79	4765	1
79	4792	2
79	4807	3
79	4808	1
79	4813	1
79	4814	1
79	4822	1
79	4839	1
79	4853	1
79	4857	1
79	4871	1
79	4888	1
79	4892	1
79	4917	2
79	4922	1
79	4937	1
79	4978	1
79	5080	1
79	5217	1
79	5265	1
79	5270	1
79	5275	1
79	5278	1
79	5328	1
79	5365	1
79	5411	1
79	5465	1
79	5481	1
79	5482	1
79	5506	1
79	5534	1
79	5566	1
79	5568	1
79	5575	1
79	5579	3
79	5580	1
79	5585	1
79	5598	1
79	5608	1
79	5613	1
79	5695	1
79	5711	1
79	5715	1
79	5727	1
79	5732	1
79	5739	1
79	5745	1
79	5753	1
79	5781	1
79	5790	1
79	5792	1
79	5794	1
79	5805	1
79	5811	6
79	5818	1
79	5819	1
79	5823	1
79	5827	1
79	5830	1
79	5833	1
79	5836	1
79	5858	1
79	5864	1
79	5867	1
79	5878	1
79	5881	1
79	5909	1
79	5951	1
79	6004	2
79	6005	1
79	6045	1
79	6111	2
79	6113	2
79	6114	1
79	6126	1
79	6133	1
79	6162	1
79	6186	1
79	6205	1
79	6207	1
79	6241	1
79	6326	1
79	6329	1
79	6334	1
79	6363	1
79	6365	1
80	6	1
80	1618	1
80	2221	1
80	3339	1
80	3623	1
80	4080	1
80	6304	1
80	6381	1
81	52	1
81	221	1
81	366	1
81	718	1
81	890	1
81	902	1
81	903	1
81	909	1
81	918	1
81	919	1
81	930	1
81	984	1
81	988	1
81	1017	1
81	1203	1
81	1364	1
81	1371	1
81	1484	1
81	1489	2
81	1491	1
81	1574	1
81	1575	1
81	1617	1
81	2797	1
81	3748	1
81	4257	1
81	4290	1
81	4314	1
81	4737	1
81	4877	1
81	4882	1
81	5395	1
81	6004	1
81	6307	1
82	959	1
82	1290	1
82	2022	1
82	2280	1
82	2410	1
82	2494	1
82	3522	1
82	3647	1
82	3663	1
82	3738	1
82	4459	1
82	4722	1
82	4868	1
82	5334	1
82	5616	1
82	5635	1
82	5715	1
82	5720	1
82	5762	1
82	5811	1
82	6385	1
83	306	1
83	314	1
83	332	1
83	344	2
83	490	1
83	568	1
83	814	1
83	826	1
83	827	1
83	941	1
83	1397	1
83	1401	1
83	1492	1
83	1634	1
83	1648	1
83	1672	1
83	1893	1
83	1916	1
83	1936	1
83	1940	1
83	1942	1
83	1986	1
83	2001	2
83	2059	1
83	2074	2
83	2076	1
83	2097	8
83	2206	1
83	2361	1
83	2524	1
83	2527	1
83	2660	1
83	2768	1
83	2849	1
83	2854	1
83	3003	1
83	3005	1
83	3030	1
83	3033	1
83	3236	2
83	3237	1
83	3238	1
83	3253	1
83	3278	1
83	3305	1
83	3542	1
83	3690	1
83	3704	1
83	3712	1
83	3715	1
83	3730	1
83	3737	1
83	3749	1
83	3750	1
83	3756	1
83	3760	1
83	3764	1
83	3769	1
83	3778	1
83	3780	1
83	3781	1
83	3785	1
83	3909	1
83	3915	1
83	3922	1
83	3938	2
83	3944	1
83	3948	1
83	3963	1
83	3979	10
83	3984	1
83	4032	1
83	4126	1
83	4132	1
83	4135	1
83	4198	1
83	4214	2
83	4215	1
83	4220	1
83	4221	1
83	4265	1
83	4294	1
83	4299	1
83	4302	1
83	4303	1
83	4329	2
83	4334	1
83	4371	1
83	4391	1
83	4394	1
83	4446	1
83	4712	1
83	4715	1
83	4731	1
83	4839	1
83	5142	1
83	5388	1
83	5407	1
83	5429	1
83	5936	1
83	6045	1
83	6060	1
83	6080	1
83	6195	1
83	6253	1
83	6271	1
83	6326	1
83	6329	1
83	6356	1
84	674	1
84	1343	1
84	1914	1
84	2757	1
84	4116	1
84	5031	1
84	5059	1
84	5481	1
84	5680	1
85	9	1
85	24	1
85	27	1
85	90	1
85	94	1
85	179	1
85	187	1
85	203	1
85	212	1
85	318	1
85	425	1
85	482	1
85	506	1
85	588	1
85	639	1
85	660	1
85	743	1
85	789	1
85	794	1
85	812	1
85	858	1
85	914	1
85	917	1
85	922	1
85	1031	1
85	1040	1
85	1091	1
85	1178	1
85	1182	1
85	1275	1
85	1290	1
85	1367	1
85	1368	1
85	1381	1
85	1386	1
85	1393	1
85	1404	1
85	1430	1
85	1465	1
85	1514	1
85	1531	1
85	1544	1
85	1559	1
85	1567	1
85	1571	1
85	1703	1
85	1704	1
85	1742	1
85	1903	1
85	1913	1
85	1915	2
85	1931	1
85	1994	1
85	2074	1
85	2084	3
85	2145	1
85	2148	1
85	2192	1
85	2316	1
85	2321	1
85	2337	1
85	2355	1
85	2376	1
85	2410	1
85	2445	1
85	2499	1
85	2524	1
85	2527	1
85	2531	1
85	2538	1
85	2579	1
85	2623	1
85	2734	1
85	2765	1
85	2842	1
85	2892	1
85	2999	1
85	3126	1
85	3188	1
85	3231	1
85	3249	1
85	3250	1
85	3382	1
85	3410	1
85	3415	1
85	3423	1
85	3435	1
85	3463	1
85	3464	1
85	3495	1
85	3517	1
85	3560	1
85	3564	1
85	3567	1
85	3610	1
85	3673	1
85	3683	1
85	3686	1
85	3691	1
85	3706	1
85	3743	1
85	3778	1
85	3794	1
85	3832	1
85	3836	1
85	3876	1
85	3919	1
85	4002	1
85	4039	1
85	4060	1
85	4070	1
85	4085	1
85	4116	5
85	4117	1
85	4124	1
85	4180	1
85	4191	1
85	4251	1
85	4273	1
85	4278	1
85	4290	1
85	4324	1
85	4329	1
85	4347	1
85	4379	1
85	4380	1
85	4381	1
85	4421	1
85	4439	1
85	4453	1
85	4531	1
85	4595	1
85	4606	1
85	4630	1
85	4690	1
85	4691	2
85	4692	1
85	4748	1
85	4770	1
85	4776	1
85	4784	1
85	4845	1
85	4856	1
85	4990	1
85	5094	1
85	5119	1
85	5131	1
85	5164	1
85	5206	3
85	5276	1
85	5278	1
85	5289	1
85	5332	1
85	5338	1
85	5361	1
85	5434	1
85	5624	1
85	5655	1
85	5753	1
85	5824	1
85	5861	1
85	5869	1
85	5885	1
85	5911	1
85	5929	1
85	5935	1
85	6004	1
85	6058	1
85	6106	1
85	6127	1
85	6136	2
85	6153	1
85	6162	1
85	6218	1
85	6221	1
85	6226	1
85	6232	3
85	6242	2
85	6286	1
85	6304	1
85	6308	1
85	6316	1
85	6322	1
85	6341	2
85	6346	1
85	6378	1
85	6381	1
85	6385	1
86	494	1
86	803	1
86	890	2
86	1030	1
86	1157	1
86	1247	1
86	1287	1
86	1341	1
86	1381	2
86	1415	1
86	1418	1
86	1664	1
86	1915	1
86	1980	1
86	2074	1
86	2140	1
86	2514	1
86	2551	1
86	2674	1
86	2803	1
86	2895	1
86	3698	1
86	3700	1
86	3703	1
86	3733	1
86	3905	1
86	4153	1
86	4536	1
86	4548	1
86	4978	1
86	5017	1
86	5032	1
86	5206	2
86	5223	1
86	5516	1
86	5952	1
86	6103	1
86	6359	1
87	71	1
87	890	1
87	933	1
87	973	1
87	1121	1
87	1262	1
87	1306	1
87	1319	1
87	1324	1
87	1422	1
87	2091	1
87	2355	1
87	2452	1
87	2757	1
87	2859	1
87	2869	1
87	3712	1
87	4577	1
87	4686	1
87	4691	1
87	4744	1
87	4917	1
87	4989	1
87	5111	1
87	5140	1
87	5147	1
87	5150	1
87	5176	1
87	5203	1
87	5869	1
87	5980	1
87	6107	1
88	291	1
88	364	1
88	630	1
88	652	1
88	784	1
88	856	1
88	1430	2
88	1628	1
88	2427	1
88	3151	1
88	3413	1
88	3433	1
88	3554	1
88	3979	1
88	4105	1
88	4440	1
88	4916	1
88	6047	1
88	6074	1
89	421	1
89	505	1
89	1430	1
89	5363	1
89	5512	1
89	6113	1
89	6232	1
89	6378	1
90	538	1
90	961	1
90	1889	1
90	1958	1
90	1979	1
90	2042	1
90	2045	1
90	2070	1
90	2097	3
90	3229	1
90	3934	1
90	3938	2
90	3939	1
90	3979	5
90	3984	3
90	4073	1
90	4394	1
90	4456	1
90	4549	1
90	5179	1
90	5343	1
90	5444	1
90	5652	1
90	6039	1
90	6159	1
91	677	1
91	734	1
91	1273	1
91	2699	1
91	2712	1
91	2906	1
91	3225	1
91	3705	1
91	3710	1
91	3932	1
91	4361	1
91	4468	1
91	4496	1
91	4805	1
91	5126	2
91	5206	1
91	5324	1
91	5476	1
91	5481	1
91	5593	1
91	5596	1
91	5599	1
91	5601	1
91	5651	1
91	5753	1
91	5802	1
91	5917	1
91	6264	1
91	6311	1
91	6370	1
91	6380	1
92	130	1
92	136	1
92	320	1
92	613	1
92	615	1
92	675	1
92	890	1
92	970	1
92	1193	1
92	1798	1
92	1805	1
92	1816	1
92	1863	1
92	2216	1
92	2249	1
92	2252	1
92	2374	1
92	2384	1
92	2806	1
92	3174	1
92	3191	1
92	3222	1
92	3233	1
92	3295	1
92	3312	1
92	3313	1
92	3322	1
92	3327	1
92	3852	2
92	3894	1
92	3897	1
92	4100	1
92	4542	1
92	4565	1
92	4737	1
92	4987	1
92	5164	3
92	5202	1
92	5203	1
92	5206	2
92	5236	1
92	5272	1
92	5300	1
92	5413	1
92	5708	1
92	5710	1
92	5946	1
93	133	1
93	401	1
93	409	1
93	448	2
93	449	1
93	510	1
93	592	1
93	621	1
93	678	1
93	1067	1
93	1100	1
93	1290	1
93	1430	1
93	1529	1
93	1682	1
93	1753	1
93	1972	1
93	1976	1
93	1978	1
93	1986	1
93	2623	1
93	2658	1
93	2867	1
93	2953	1
93	3113	1
93	3189	1
93	3227	1
93	3384	1
93	3546	1
93	3552	1
93	3562	1
93	3580	1
93	3609	1
93	3652	1
93	3704	1
93	3706	1
93	3861	1
93	3863	1
93	3909	1
93	3929	1
93	4078	1
93	4207	1
93	4218	1
93	4230	1
93	4269	1
93	4312	1
93	4403	1
93	4440	1
93	4469	1
93	4628	1
93	4691	1
93	4710	1
93	4732	1
93	4767	1
93	4789	1
93	4791	1
93	4865	1
93	4895	1
93	5024	1
93	5032	1
93	5054	1
93	5085	1
93	5206	1
93	5278	1
93	5319	1
93	5344	1
93	5352	1
93	5411	1
93	5446	1
93	5490	1
93	5531	1
93	5870	1
93	5903	1
93	6047	1
93	6058	1
93	6106	1
93	6137	1
93	6139	1
93	6242	1
93	6256	1
94	1	1
94	19	1
94	83	1
94	84	1
94	87	1
94	89	1
94	92	1
94	93	1
94	157	1
94	159	1
94	162	1
94	163	1
94	164	1
94	166	1
94	170	1
94	171	2
94	176	1
94	183	1
94	199	1
94	238	1
94	255	1
94	285	1
94	347	1
94	349	2
94	362	1
94	365	1
94	382	1
94	403	1
94	478	1
94	483	1
94	565	1
94	567	1
94	570	1
94	573	1
94	671	1
94	673	1
94	700	1
94	704	1
94	706	1
94	761	1
94	809	1
94	810	1
94	815	1
94	828	1
94	846	1
94	864	1
94	879	1
94	942	1
94	1102	1
94	1176	1
94	1393	1
94	1399	1
94	1401	1
94	1411	1
94	1430	2
94	1523	1
94	1528	1
94	1530	1
94	1538	1
94	1550	1
94	1586	1
94	1604	1
94	1608	1
94	1670	1
94	1722	1
94	1723	1
94	1735	1
94	1757	1
94	1767	1
94	1888	1
94	1897	2
94	1900	1
94	1901	1
94	1905	1
94	1912	1
94	1916	1
94	1957	1
94	2025	1
94	2026	2
94	2069	1
94	2076	1
94	2081	1
94	2084	2
94	2089	1
94	2104	2
94	2106	1
94	2112	1
94	2121	1
94	2177	1
94	2261	1
94	2378	1
94	2422	1
94	2458	1
94	2464	1
94	2510	1
94	2524	1
94	2547	1
94	2653	1
94	2832	2
94	2837	2
94	2843	1
94	2857	1
94	2861	3
94	2864	1
94	2865	1
94	2868	1
94	2874	1
94	2913	1
94	2925	1
94	2926	1
94	3007	1
94	3015	1
94	3023	1
94	3028	1
94	3033	1
94	3036	1
94	3142	1
94	3161	1
94	3203	1
94	3211	1
94	3213	1
94	3219	1
94	3234	1
94	3236	1
94	3244	1
94	3264	1
94	3277	1
94	3360	1
94	3361	1
94	3364	1
94	3365	1
94	3370	1
94	3382	5
94	3405	1
94	3447	1
94	3478	1
94	3518	1
94	3530	1
94	3537	1
94	3546	2
94	3547	1
94	3550	1
94	3552	1
94	3570	1
94	3574	1
94	3576	1
94	3587	1
94	3604	1
94	3651	1
94	3669	1
94	3684	1
94	3712	2
94	3713	1
94	3733	1
94	3738	1
94	3741	1
94	3750	1
94	3753	1
94	3769	1
94	3771	1
94	3788	1
94	3856	1
94	3877	1
94	3911	1
94	3913	1
94	3918	1
94	3921	1
94	3947	1
94	3979	3
94	3984	1
94	3985	2
94	3997	1
94	4026	1
94	4062	1
94	4067	1
94	4075	1
94	4090	1
94	4094	1
94	4095	1
94	4116	23
94	4118	1
94	4122	1
94	4123	1
94	4125	1
94	4143	1
94	4146	1
94	4148	1
94	4156	2
94	4157	1
94	4163	1
94	4166	1
94	4178	1
94	4181	2
94	4182	2
94	4185	1
94	4186	1
94	4191	1
94	4195	1
94	4202	1
94	4216	1
94	4223	2
94	4234	1
94	4235	1
94	4238	1
94	4239	1
94	4248	2
94	4260	1
94	4267	1
94	4272	1
94	4274	1
94	4277	1
94	4280	1
94	4288	1
94	4290	1
94	4292	1
94	4309	3
94	4322	1
94	4323	1
94	4329	4
94	4331	1
94	4339	1
94	4341	1
94	4342	1
94	4358	2
94	4363	1
94	4364	2
94	4372	1
94	4373	1
94	4376	2
94	4378	1
94	4381	1
94	4387	1
94	4390	1
94	4391	1
94	4394	2
94	4396	2
94	4399	1
94	4400	1
94	4406	1
94	4426	1
94	4457	1
94	4523	1
94	4525	1
94	4530	1
94	4559	1
94	4578	1
94	4579	1
94	4580	1
94	4609	1
94	4611	1
94	4629	1
94	4630	1
94	4637	1
94	4638	1
94	4643	1
94	4657	1
94	4674	1
94	4684	2
94	4690	1
94	4691	18
94	4693	1
94	4713	1
94	4715	1
94	4722	2
94	4724	1
94	4748	1
94	4752	1
94	4781	1
94	4807	1
94	4816	1
94	4823	1
94	4830	2
94	4831	1
94	4833	1
94	4839	2
94	4840	1
94	4846	1
94	4848	1
94	4855	1
94	4878	1
94	4892	1
94	4906	1
94	4917	1
94	4967	1
94	5082	1
94	5113	1
94	5136	1
94	5164	1
94	5168	1
94	5199	1
94	5216	1
94	5222	1
94	5285	1
94	5330	1
94	5336	1
94	5353	1
94	5370	1
94	5378	1
94	5399	1
94	5403	1
94	5407	1
94	5409	1
94	5412	1
94	5430	1
94	5454	1
94	5486	1
94	5524	1
94	5541	1
94	5615	1
94	5673	1
94	5689	1
94	5691	1
94	5753	1
94	5768	1
94	5787	1
94	5801	1
94	5805	1
94	5828	1
94	5894	1
94	5913	1
94	5928	1
94	5935	2
94	5945	1
94	6047	1
94	6052	1
94	6094	1
94	6153	1
94	6156	2
94	6157	1
94	6191	1
94	6196	12
94	6264	3
94	6269	1
94	6314	1
94	6323	1
94	6324	1
94	6349	2
94	6351	1
94	6356	1
94	6385	3
95	391	1
95	732	1
95	1007	1
95	1242	1
95	1322	1
95	1408	1
95	1535	1
95	1607	1
95	1634	1
95	1639	1
95	1641	1
95	1861	1
95	1926	1
95	2044	1
95	2067	1
95	2123	1
95	2201	1
95	2268	1
95	2335	1
95	2514	1
95	3268	1
95	3383	1
95	3395	1
95	3549	1
95	3909	1
95	3977	1
95	4268	1
95	4372	1
95	4454	1
95	4700	1
95	4836	1
95	5370	1
95	5613	1
95	5884	1
95	5887	1
95	5911	1
95	6062	1
95	6069	1
95	6158	1
95	6326	1
95	6355	1
96	446	1
96	858	1
96	1271	1
96	1900	1
96	2313	1
96	2591	1
96	2778	1
96	3641	1
96	5481	4
96	5575	1
97	639	1
97	890	1
97	1976	1
97	2076	1
97	3382	1
97	5363	1
98	263	1
98	466	2
98	939	1
98	1093	1
98	1113	1
98	1153	1
98	1248	1
98	1591	1
98	2609	1
98	3402	1
98	3905	1
98	3998	1
98	4314	1
98	5579	1
98	6218	1
99	78	1
99	716	1
99	784	2
99	1067	1
99	1367	1
99	1534	1
99	2050	1
99	2376	1
99	3164	1
99	3517	1
99	3909	1
99	4320	1
99	4358	1
99	5505	1
99	6304	1
100	1056	1
100	1344	1
100	1352	1
100	1643	1
100	1716	1
100	2062	1
100	2097	1
100	2527	1
100	2576	1
100	3339	1
100	4329	1
100	4407	1
100	4655	1
100	5625	1
100	6257	1
101	1626	1
101	2540	1
101	2632	1
101	3853	1
101	4706	1
101	4922	1
101	5289	1
101	6380	1
102	5126	1
102	5278	1
102	5320	1
102	6250	1
102	6381	1
103	3117	1
103	3192	1
103	4140	1
103	5127	1
103	5129	1
104	890	1
104	1256	1
104	1384	1
104	4301	1
104	4464	1
104	5042	1
104	6004	1
105	1597	1
105	1612	1
105	3162	1
105	6120	1
105	6231	1
106	761	1
106	1062	1
106	1406	1
106	2209	1
106	2360	1
106	3932	1
106	6106	1
107	639	1
107	870	1
107	1558	1
107	1749	1
107	1970	1
107	2080	1
107	2097	1
107	2411	1
107	2872	1
107	2873	1
107	3148	1
107	3286	1
107	3288	1
107	3559	1
107	3616	1
107	3617	1
107	3704	1
107	3800	1
107	3979	1
107	4095	1
107	4356	1
107	4788	1
107	4918	1
107	4942	1
107	5155	1
107	5659	1
107	5925	1
107	6039	1
107	6108	1
107	6270	1
107	6326	2
107	6349	1
107	6385	1
108	22	1
108	205	1
108	207	1
108	257	1
108	568	1
108	722	1
108	750	1
108	757	1
108	761	1
108	943	1
108	1065	1
108	1093	1
108	1183	1
108	1645	1
108	1763	1
108	1915	1
108	2074	1
108	2301	1
108	2431	1
108	2632	1
108	2697	1
108	2775	1
108	3123	1
108	3377	1
108	3455	1
108	3602	1
108	3665	1
108	3909	1
108	3979	3
108	4394	1
108	4450	1
108	4694	1
108	4766	1
108	5253	1
108	5753	1
108	5857	1
108	5907	1
108	6112	1
108	6117	1
109	1872	1
109	2178	1
109	2508	1
109	4704	1
109	4829	1
109	5206	1
109	6005	1
109	6012	1
110	80	1
110	412	1
110	558	1
110	811	1
110	966	1
110	1401	1
110	2524	1
110	4086	1
110	4116	1
110	4169	1
110	4514	1
110	4554	1
110	4852	1
110	5935	1
110	6176	1
111	718	1
111	991	1
111	1430	2
111	1520	1
111	1576	1
111	1614	1
111	2084	1
111	3138	1
111	3444	1
111	3693	1
111	4554	1
111	4676	1
111	5206	1
111	5772	1
111	5909	1
111	6151	1
111	6206	1
111	6220	1
111	6385	1
112	639	1
112	707	1
112	963	1
112	1361	1
112	1713	1
112	1724	1
112	2396	1
112	2417	1
112	2776	1
112	4001	1
112	4307	1
112	4593	1
112	4636	1
112	5131	1
112	5246	1
112	6346	1
112	6380	1
113	1494	1
113	1515	1
113	1569	1
113	2281	1
113	2709	1
113	3039	1
113	3489	1
113	4169	1
113	4196	1
113	4652	1
114	243	1
114	694	1
114	997	1
114	1070	1
114	1201	1
114	1577	1
114	1743	1
114	1915	1
114	2410	1
114	2492	1
114	2706	1
114	2936	1
114	3043	1
114	3065	1
114	3328	1
114	3394	1
114	3598	1
114	4569	1
114	4884	1
114	5363	1
114	5413	1
114	5517	1
114	5632	1
114	5698	1
114	5855	1
114	6057	1
114	6151	1
114	6203	1
115	7	1
115	77	1
115	84	1
115	99	1
115	122	1
115	137	1
115	188	1
115	198	1
115	210	1
115	214	1
115	222	1
115	231	1
115	260	1
115	276	1
115	389	1
115	406	1
115	407	1
115	410	1
115	420	1
115	432	1
115	453	1
115	455	1
115	458	1
115	461	1
115	463	1
115	468	1
115	472	1
115	504	1
115	505	2
115	603	1
115	648	1
115	664	1
115	673	1
115	680	1
115	705	1
115	708	1
115	730	1
115	739	1
115	753	1
115	754	1
115	755	1
115	761	2
115	767	1
115	769	1
115	777	1
115	782	1
115	792	1
115	877	1
115	890	2
115	982	1
115	1010	1
115	1037	1
115	1045	1
115	1061	1
115	1094	1
115	1117	1
115	1128	1
115	1136	1
115	1159	1
115	1167	1
115	1202	1
115	1215	2
115	1245	1
115	1261	1
115	1272	1
115	1278	1
115	1284	1
115	1299	1
115	1309	2
115	1312	1
115	1363	1
115	1367	2
115	1381	1
115	1423	1
115	1451	1
115	1454	1
115	1462	1
115	1463	1
115	1513	1
115	1526	1
115	1705	1
115	1736	1
115	1760	1
115	1767	1
115	1771	1
115	1807	1
115	1822	1
115	1829	1
115	1941	1
115	2001	1
115	2097	3
115	2112	1
115	2252	4
115	2255	1
115	2265	1
115	2272	1
115	2277	1
115	2279	1
115	2282	1
115	2304	1
115	2309	1
115	2328	1
115	2336	1
115	2345	1
115	2400	1
115	2410	1
115	2411	2
115	2445	1
115	2449	1
115	2452	1
115	2453	1
115	2491	1
115	2531	1
115	2583	2
115	2598	1
115	2676	1
115	2680	1
115	2681	1
115	2689	1
115	2711	1
115	2721	1
115	2722	1
115	2727	1
115	2730	2
115	2737	1
115	2778	1
115	2795	1
115	2951	1
115	2969	1
115	3050	1
115	3059	1
115	3062	1
115	3073	1
115	3074	1
115	3077	1
115	3086	1
115	3092	1
115	3098	1
115	3099	1
115	3139	1
115	3152	1
115	3172	1
115	3311	1
115	3331	1
115	3382	1
115	3389	1
115	3391	1
115	3405	1
115	3431	1
115	3441	1
115	3453	1
115	3459	1
115	3476	1
115	3484	1
115	3513	1
115	3531	1
115	3536	1
115	3539	1
115	3551	1
115	3566	1
115	3569	1
115	3571	1
115	3573	1
115	3584	1
115	3609	1
115	3629	1
115	3652	1
115	3660	1
115	3663	1
115	3698	1
115	3700	1
115	3703	2
115	3835	1
115	3840	1
115	3852	1
115	3909	3
115	3940	1
115	3944	2
115	3979	4
115	4013	1
115	4019	1
115	4021	1
115	4032	1
115	4039	1
115	4047	1
115	4092	1
115	4116	3
115	4210	1
115	4225	1
115	4273	1
115	4313	1
115	4330	1
115	4343	1
115	4410	1
115	4437	1
115	4466	1
115	4527	1
115	4599	1
115	4619	2
115	4639	1
115	4656	1
115	4661	1
115	4669	1
115	4691	1
115	4743	1
115	4747	1
115	4755	1
115	4757	1
115	4780	1
115	4783	1
115	4785	1
115	4795	1
115	4807	2
115	4827	1
115	4837	1
115	4854	1
115	4860	1
115	4901	1
115	4911	1
115	4922	1
115	4943	1
115	4956	1
115	4963	2
115	4968	1
115	4969	1
115	4976	1
115	5013	1
115	5030	1
115	5045	1
115	5049	1
115	5051	2
115	5083	1
115	5100	1
115	5131	1
115	5153	1
115	5160	1
115	5172	1
115	5206	5
115	5214	1
115	5237	1
115	5266	1
115	5343	1
115	5373	1
115	5406	1
115	5412	1
115	5437	1
115	5471	1
115	5472	1
115	5475	1
115	5480	1
115	5481	2
115	5494	2
115	5502	1
115	5506	1
115	5512	1
115	5514	1
115	5516	2
115	5526	1
115	5536	1
115	5560	1
115	5570	1
115	5572	1
115	5579	1
115	5589	1
115	5601	1
115	5618	1
115	5639	1
115	5665	1
115	5682	1
115	5709	1
115	5718	1
115	5720	1
115	5726	1
115	5751	1
115	5753	2
115	5783	1
115	5785	1
115	5796	1
115	5811	4
115	5827	1
115	5836	1
115	5859	1
115	5868	1
115	5898	1
115	5909	1
115	5930	1
115	5934	1
115	6020	1
115	6035	1
115	6036	1
115	6071	1
115	6078	3
115	6084	1
115	6086	1
115	6109	1
115	6111	3
115	6113	1
115	6136	2
115	6146	1
115	6153	2
115	6169	1
115	6172	1
115	6180	2
115	6182	1
115	6201	1
115	6245	1
115	6247	3
115	6252	1
115	6256	1
115	6263	1
115	6278	1
115	6284	1
115	6300	1
115	6303	1
115	6326	5
115	6329	1
115	6362	1
115	6366	1
115	6368	1
115	6370	3
115	6372	1
115	6379	1
116	34	1
116	156	1
116	158	1
116	171	2
116	180	1
116	403	1
116	639	2
116	673	1
116	876	1
116	1199	1
116	1241	1
116	1366	1
116	1430	1
116	1450	1
116	1452	1
116	1512	1
116	1514	1
116	1515	1
116	1523	1
116	1548	1
116	1567	1
116	1622	1
116	2306	1
116	2462	1
116	2765	1
116	2775	1
116	2810	1
116	2839	1
116	2861	1
116	2922	1
116	2972	1
116	2989	1
116	3121	1
116	3133	1
116	3176	1
116	3382	2
116	3397	1
116	3405	1
116	3414	1
116	3415	1
116	3446	1
116	3499	1
116	3525	1
116	3537	1
116	3546	1
116	3552	1
116	3567	1
116	3613	1
116	3654	1
116	4116	3
116	4220	1
116	4264	1
116	4329	2
116	4378	1
116	4383	1
116	4394	1
116	4417	1
116	4419	1
116	4691	7
116	4722	1
116	4749	1
116	4818	1
116	4858	1
116	4966	1
116	5132	1
116	5206	2
116	5357	1
116	5397	1
116	5504	1
116	5572	1
116	5876	1
116	5877	1
116	6252	1
116	6288	1
116	6363	1
117	1888	1
117	3725	1
117	4619	1
117	5938	1
118	1569	1
118	4422	1
118	5134	1
118	5481	1
119	22	1
119	131	1
119	132	1
119	142	1
119	193	1
119	246	1
119	298	1
119	305	1
119	315	1
119	316	1
119	321	1
119	337	1
119	361	1
119	378	1
119	416	1
119	514	1
119	526	1
119	538	2
119	620	1
119	693	1
119	736	1
119	761	1
119	808	1
119	947	1
119	972	1
119	979	1
119	1353	1
119	1809	1
119	1815	1
119	1831	1
119	1838	1
119	1840	1
119	1841	1
119	1854	1
119	1867	1
119	1877	1
119	1882	1
119	1915	2
119	1939	1
119	1988	1
119	2001	2
119	2015	1
119	2079	1
119	2097	7
119	2159	1
119	2169	1
119	2226	1
119	2236	1
119	2252	1
119	2355	1
119	2358	1
119	2371	1
119	2388	1
119	2465	1
119	2799	1
119	2861	1
119	2889	1
119	3034	1
119	3116	1
119	3185	1
119	3195	1
119	3261	1
119	3269	1
119	3270	1
119	3273	1
119	3316	1
119	3701	1
119	3887	1
119	3888	1
119	3909	2
119	3936	1
119	3944	1
119	3950	1
119	3979	3
119	4035	1
119	4056	1
119	4065	1
119	4116	1
119	4237	1
119	4266	1
119	4322	1
119	4463	1
119	4479	1
119	4483	1
119	4492	1
119	4619	1
119	4873	1
119	4886	1
119	4957	1
119	4971	1
119	5017	1
119	5033	1
119	5051	1
119	5052	1
119	5108	1
119	5165	1
119	5167	1
119	5195	1
119	5206	5
119	5255	1
119	5284	1
119	5327	1
119	5355	1
119	5358	1
119	5383	1
119	5394	1
119	5417	1
119	5447	1
119	5461	1
119	5506	1
119	5675	2
119	5702	2
119	5704	1
119	5754	1
119	5770	1
119	5803	1
119	5911	1
119	5953	1
119	6003	1
119	6036	1
119	6045	1
119	6050	1
119	6058	1
119	6074	1
119	6078	1
119	6080	1
119	6090	1
119	6106	1
119	6136	1
119	6162	2
119	6172	1
119	6268	1
119	6275	1
119	6326	2
119	6329	1
119	6355	1
119	6369	1
119	6385	1
120	1394	1
120	1550	1
120	2840	1
120	3050	1
120	3063	1
120	3650	1
120	4691	2
120	4959	1
121	791	1
121	2085	1
121	2709	1
121	4731	1
121	4960	1
121	6355	1
122	336	2
122	890	1
122	5494	1
122	5951	1
122	6139	1
122	6226	1
123	536	1
123	809	1
123	1361	1
123	2074	1
123	3371	1
123	3909	1
123	3964	1
123	3979	1
123	3984	1
123	5549	1
123	5677	1
123	6326	1
123	6373	1
123	6375	1
124	1977	1
124	2410	1
124	2636	1
124	2770	1
124	2853	1
124	2862	1
124	3039	1
124	3481	1
124	3504	1
124	3546	1
124	3659	1
124	3843	1
124	3986	1
124	4116	1
124	4164	1
124	4546	1
124	4623	1
124	4673	1
124	4675	1
124	5263	1
124	5288	1
124	5542	1
124	5652	1
124	5729	1
124	5753	1
124	5776	1
124	5933	1
124	6100	1
124	6343	1
125	305	1
125	331	1
125	501	1
125	606	1
125	637	1
125	825	1
125	1239	1
125	1774	1
125	1915	2
125	1944	1
125	2097	2
125	2355	1
125	2359	2
125	2367	1
125	2430	1
125	2583	1
125	3209	1
125	3212	1
125	3552	1
125	3979	1
125	3984	1
125	4032	1
125	4460	1
125	4461	1
125	4463	1
125	4471	1
125	4481	1
125	4864	1
125	5164	1
125	5169	1
125	5193	1
125	5278	1
125	5297	1
125	5380	1
125	5676	1
125	5777	1
125	5930	1
125	6091	1
125	6159	1
125	6329	1
126	91	1
126	96	1
126	890	2
126	1245	1
126	1833	1
126	1915	2
126	2014	1
126	2232	1
126	2342	1
126	2765	1
126	3307	1
126	3744	1
126	3852	1
126	3954	1
126	4092	1
126	4235	1
126	4467	1
126	4582	1
126	4835	1
126	4963	1
126	5060	1
126	5206	2
126	5210	1
126	5321	1
126	5348	1
126	5364	1
126	5435	1
126	5545	1
126	5653	1
126	5702	1
126	5763	1
126	5769	1
126	6004	1
126	6036	1
126	6074	1
126	6083	1
126	6093	1
126	6162	1
126	6185	1
126	6188	1
126	6311	1
126	6325	1
126	6352	1
126	6385	1
127	993	1
127	1279	1
127	1299	1
127	1771	1
127	3483	1
127	3507	1
127	3999	1
128	1583	1
128	2339	1
128	2833	1
128	3423	1
128	3481	1
128	5708	1
128	6380	1
129	4116	1
129	4273	1
129	4301	1
129	4511	1
129	4743	1
129	5485	1
130	478	1
130	2946	1
130	3343	1
130	4907	1
130	6378	1
131	129	1
131	344	1
131	1105	1
131	1219	1
131	1463	1
131	1873	1
131	2315	1
131	2551	1
131	2621	1
131	2674	2
131	2819	1
131	3484	1
131	4013	1
131	4594	1
131	5069	1
131	5113	1
131	5494	1
131	5535	1
131	5796	1
131	5811	1
131	6111	1
131	6162	1
131	6285	1
131	6329	1
132	500	1
132	1420	1
132	1684	1
132	1687	1
132	3745	1
132	3979	1
132	4321	1
132	5177	1
132	5380	1
132	5911	1
132	6123	1
132	6260	1
133	2	2
133	3	1
133	171	1
133	218	1
133	250	1
133	300	1
133	343	1
133	407	1
133	408	1
133	579	1
133	585	1
133	642	1
133	669	1
133	760	1
133	772	1
133	775	1
133	801	1
133	890	4
133	894	2
133	915	1
133	980	1
133	987	1
133	1058	1
133	1071	1
133	1074	1
133	1090	1
133	1095	1
133	1159	1
133	1172	1
133	1227	1
133	1244	1
133	1322	3
133	1325	1
133	1333	1
133	1353	1
133	1358	1
133	1380	1
133	1381	1
133	1384	1
133	1419	1
133	1430	1
133	1441	1
133	1467	1
133	1541	1
133	1591	1
133	1671	1
133	1707	1
133	1739	1
133	1779	1
133	1892	1
133	2097	1
133	2245	1
133	2297	1
133	2411	1
133	2425	1
133	2447	1
133	2486	1
133	2496	1
133	2548	1
133	2591	1
133	2609	1
133	2627	1
133	2647	1
133	2707	1
133	2736	1
133	2812	1
133	2838	1
133	2842	1
133	2845	1
133	2861	1
133	2863	1
133	2866	1
133	2877	1
133	2978	1
133	3046	1
133	3064	1
133	3145	1
133	3155	1
133	3244	1
133	3281	1
133	3382	1
133	3389	1
133	3405	1
133	3418	1
133	3449	1
133	3454	1
133	3477	1
133	3524	1
133	3528	1
133	3535	1
133	3640	1
133	3664	1
133	3666	1
133	3675	1
133	3679	1
133	4001	1
133	4013	1
133	4022	1
133	4099	1
133	4156	1
133	4168	1
133	4199	1
133	4333	1
133	4402	1
133	4408	1
133	4594	1
133	4601	1
133	4619	1
133	4623	1
133	4665	1
133	4691	2
133	4725	1
133	4730	1
133	4790	1
133	4796	1
133	4798	1
133	4811	1
133	4820	1
133	4822	1
133	4864	1
133	4890	1
133	4891	1
133	4907	1
133	5021	1
133	5023	1
133	5080	1
133	5113	1
133	5164	2
133	5385	1
133	5481	1
133	5521	1
133	5574	1
133	5687	1
133	5688	1
133	5751	1
133	5753	1
133	5794	1
133	5832	1
133	5852	1
133	5857	1
133	5865	1
133	5876	1
133	5883	1
133	5909	1
133	6102	1
133	6111	1
133	6118	1
133	6151	1
133	6209	1
133	6223	1
133	6229	1
133	6246	1
133	6258	1
133	6357	1
134	84	1
134	182	1
134	3734	1
134	4297	1
134	4334	1
134	4369	1
134	4400	1
134	4941	1
134	6196	1
135	617	1
135	4235	1
135	4239	1
135	4777	1
135	5206	2
135	5251	1
135	6162	1
136	44	1
136	71	1
136	123	1
136	201	1
136	460	1
136	617	1
136	625	1
136	793	1
136	831	1
136	873	1
136	1021	1
136	1038	1
136	1247	1
136	1334	1
136	1361	1
136	1844	1
136	1845	1
136	1867	1
136	1869	1
136	2112	1
136	2252	1
136	2257	1
136	2355	1
136	2372	1
136	2384	1
136	2635	1
136	2714	1
136	2894	1
136	3291	1
136	3670	1
136	3804	1
136	3888	1
136	3949	1
136	4095	1
136	4572	1
136	4691	1
136	5069	2
136	5077	1
136	5114	1
136	5164	2
136	5203	2
136	5221	1
136	5338	1
136	5367	1
136	5368	1
136	5510	1
136	5513	1
136	5563	1
136	5741	1
136	5831	1
136	5962	1
136	6020	1
136	6039	1
136	6162	1
136	6199	1
136	6299	1
136	6352	1
137	355	1
137	511	1
137	724	1
137	943	1
137	1015	1
137	1381	1
137	1465	1
137	1558	1
137	1599	1
137	1703	1
137	2206	1
137	2678	1
137	2688	1
137	3203	1
137	3382	1
137	3399	1
137	3694	1
137	3909	1
137	3926	1
137	3976	1
137	4691	2
137	5324	1
137	5537	1
137	5921	1
137	6004	1
138	1664	1
138	2392	1
138	5206	1
138	5233	1
138	6004	2
139	532	1
139	2077	1
139	5062	1
139	6039	1
140	155	1
140	1029	1
140	1435	1
140	2252	2
140	2254	1
140	2274	1
140	2277	1
140	2297	1
140	2336	1
140	3123	1
140	3382	1
140	3385	1
140	3480	1
140	3692	1
140	4327	1
140	4691	1
140	4722	1
140	6378	1
141	1982	1
141	2074	1
141	2100	1
141	2101	1
141	2635	1
141	5094	1
141	5261	1
142	413	1
142	547	1
142	1309	1
142	1430	1
142	1620	1
142	1675	1
142	2303	1
142	2359	1
142	2504	1
142	2646	1
142	2885	1
142	2988	1
142	3149	1
142	3405	1
142	3628	1
142	4049	1
142	4116	1
142	5753	1
142	5781	1
142	6356	1
143	304	1
143	344	1
143	499	1
143	538	1
143	709	1
143	746	1
143	844	1
143	1604	1
143	1880	1
143	1915	1
143	2097	1
143	2166	1
143	3191	1
143	3979	3
143	3980	1
143	4296	1
143	4526	1
143	4720	1
143	4911	1
143	5058	1
143	5066	1
143	5113	1
143	5206	1
143	5322	1
143	5437	1
143	5636	1
143	5777	1
143	5930	1
143	6039	1
143	6123	1
144	178	1
144	493	1
144	774	1
144	834	1
144	1463	1
144	1604	1
144	1608	1
144	2097	1
144	2572	1
144	3207	1
144	3214	2
144	3525	1
144	3581	1
144	3762	1
144	3775	1
144	3781	1
144	3851	1
144	3979	1
144	4116	4
144	4173	1
144	4231	1
144	4291	1
144	4330	1
144	4899	1
144	4963	1
144	5022	1
144	5069	1
144	5110	1
144	5164	1
144	5165	1
144	5692	1
144	5872	1
144	6196	1
144	6318	1
144	6356	1
144	6385	1
145	1408	1
145	1996	1
145	2316	1
145	2491	1
145	4962	1
145	5221	1
145	5271	1
145	5725	1
145	6123	1
146	2097	1
146	3909	1
146	3944	1
146	3974	1
146	3979	2
146	3984	1
146	6326	1
147	1812	1
147	2113	1
147	2114	1
147	2371	1
147	2396	2
147	2788	1
147	3280	1
147	3850	1
147	3909	1
147	5328	1
147	5642	1
147	6162	1
148	1842	1
148	2433	1
148	2684	1
148	3244	1
148	4807	1
148	5113	1
148	5458	1
148	5633	1
148	5859	1
149	106	1
149	321	1
149	360	1
149	522	1
149	548	1
149	565	1
149	639	2
149	714	1
149	823	1
149	866	1
149	884	1
149	934	1
149	964	1
149	1180	1
149	1286	1
149	1825	1
149	1887	1
149	1927	1
149	1952	1
149	1984	1
149	2005	1
149	2055	1
149	2078	1
149	2097	2
149	2098	1
149	2108	1
149	2131	1
149	2145	1
149	2185	1
149	2206	1
149	2230	1
149	2237	1
149	2245	1
149	2403	1
149	2488	1
149	2668	1
149	2790	1
149	3060	1
149	3153	1
149	3180	1
149	3203	1
149	3359	1
149	3382	1
149	3472	1
149	3525	1
149	3599	1
149	3725	1
149	3758	1
149	3762	1
149	3773	1
149	3791	1
149	3909	1
149	3921	1
149	3944	1
149	3979	1
149	4040	1
149	4116	1
149	4201	1
149	4238	1
149	4250	1
149	4473	1
149	4477	1
149	4566	1
149	4676	1
149	4691	1
149	4707	1
149	4823	1
149	4925	1
149	4994	1
149	5005	1
149	5020	1
149	5158	1
149	5180	2
149	5203	1
149	5212	1
149	5258	1
149	5280	1
149	5304	1
149	5351	1
149	5376	1
149	5391	1
149	5440	1
149	5452	1
149	5455	1
149	5551	1
149	5619	1
149	5665	1
149	5669	1
149	5734	1
149	5748	1
149	5789	1
149	5930	2
149	5962	1
149	5969	1
149	6067	1
149	6077	1
149	6080	1
149	6161	1
149	6308	1
149	6326	2
149	6350	1
149	6385	2
150	906	1
150	907	1
150	1354	1
150	1430	1
150	1596	1
150	2714	1
150	3169	1
150	3170	1
150	4667	1
150	4982	1
150	5476	1
150	5564	1
151	481	1
151	2300	1
151	2372	1
151	3844	1
151	3886	1
151	4048	1
151	5206	1
151	5264	1
151	5392	1
151	5564	1
151	5954	1
151	5968	1
151	6015	1
151	6318	1
151	6362	1
152	843	1
152	2208	1
152	3944	1
152	5523	1
152	5800	1
152	6077	1
152	6078	5
152	6080	1
153	1430	1
153	1487	1
153	1622	1
153	1625	1
153	1781	1
153	5403	1
154	1303	1
154	1830	1
154	1915	1
154	2336	1
154	2377	1
154	3184	1
154	4276	1
154	4533	1
154	5354	1
154	5796	1
155	1065	1
155	1284	1
155	1430	1
155	1915	1
155	2964	1
155	3501	1
155	3528	1
155	3566	1
155	4139	1
155	4944	1
155	5240	1
155	5623	1
155	5753	1
155	5838	1
155	5890	1
155	6371	1
156	101	1
156	526	1
156	761	1
156	1073	1
156	1828	1
156	1919	1
156	2018	1
156	2472	1
156	2726	1
156	2866	1
156	3101	1
156	3272	1
156	3315	1
156	3406	1
156	3453	1
156	3468	1
156	3546	1
156	3979	1
156	4498	1
156	5206	1
156	5315	1
156	5537	1
156	5726	1
156	5826	1
156	5909	1
156	6133	1
156	6326	1
156	6385	1
157	41	1
157	51	1
157	57	1
157	68	1
157	70	1
157	72	1
157	75	1
157	76	1
157	103	1
157	107	1
157	121	1
157	124	1
157	278	1
157	281	1
157	302	1
157	303	1
157	310	1
157	312	1
157	317	1
157	319	1
157	329	1
157	373	1
157	404	1
157	406	1
157	454	1
157	522	1
157	602	1
157	772	1
157	822	1
157	827	1
157	830	1
157	865	1
157	936	1
157	944	1
157	986	1
157	1024	1
157	1043	1
157	1076	1
157	1126	1
157	1152	1
157	1155	1
157	1308	1
157	1335	1
157	1342	1
157	1345	1
157	1353	3
157	1369	1
157	1381	1
157	1415	1
157	1651	1
157	1653	1
157	1661	1
157	1662	1
157	1667	1
157	1673	1
157	1674	1
157	1675	1
157	1676	1
157	1677	1
157	1684	1
157	1692	1
157	1697	2
157	1702	1
157	1706	1
157	1794	1
157	1797	1
157	1803	1
157	1902	1
157	1915	1
157	1918	1
157	1930	1
157	2024	1
157	2046	1
157	2048	1
157	2067	1
157	2074	1
157	2094	1
157	2107	5
157	2117	1
157	2122	1
157	2125	1
157	2135	1
157	2137	1
157	2138	1
157	2144	1
157	2146	2
157	2147	1
157	2157	1
157	2160	1
157	2167	1
157	2173	1
157	2189	1
157	2190	1
157	2191	1
157	2196	1
157	2204	2
157	2225	1
157	2338	1
157	2387	1
157	2410	2
157	2482	1
157	2568	1
157	2570	1
157	2638	1
157	2649	1
157	2717	1
157	2784	1
157	2786	1
157	2787	1
157	2789	1
157	2893	1
157	2895	1
157	2905	1
157	2986	1
157	2993	1
157	2994	1
157	3117	1
157	3118	1
157	3203	1
157	3240	1
157	3273	1
157	3319	1
157	3348	1
157	3382	1
157	3684	1
157	3685	1
157	3688	1
157	3712	1
157	3717	1
157	3722	1
157	3797	1
157	3802	1
157	3803	1
157	3804	1
157	3805	1
157	3806	1
157	3807	1
157	3808	1
157	3811	1
157	3812	1
157	3813	1
157	3814	2
157	3817	1
157	3819	1
157	3820	1
157	3822	1
157	3823	1
157	3824	1
157	3827	1
157	3830	1
157	3831	1
157	3846	1
157	3865	1
157	3875	1
157	3883	1
157	3888	1
157	3889	1
157	3909	1
157	3930	1
157	3962	1
157	3979	2
157	3989	1
157	3995	1
157	4212	1
157	4223	1
157	4224	1
157	4241	1
157	4256	1
157	4270	1
157	4343	1
157	4345	1
157	4358	1
157	4377	1
157	4458	1
157	4462	1
157	4470	1
157	4474	1
157	4486	2
157	4487	1
157	4488	2
157	4491	1
157	4494	1
157	4509	1
157	4517	1
157	4649	1
157	4869	1
157	4954	1
157	4995	1
157	4998	2
157	4999	1
157	5001	1
157	5002	1
157	5003	1
157	5004	2
157	5005	1
157	5006	1
157	5008	1
157	5010	1
157	5011	1
157	5075	1
157	5076	1
157	5139	1
157	5166	1
157	5191	1
157	5192	1
157	5203	1
157	5211	1
157	5239	1
157	5249	1
157	5270	1
157	5275	1
157	5293	1
157	5313	1
157	5385	1
157	5388	2
157	5389	1
157	5395	2
157	5426	1
157	5461	1
157	5477	1
157	5497	1
157	5547	1
157	5651	1
157	5654	1
157	5656	1
157	5666	1
157	5734	1
157	5780	1
157	5893	1
157	5894	1
157	5909	1
157	5911	1
157	5945	1
157	5947	1
157	5952	1
157	5972	1
157	5977	4
157	5979	1
157	5981	1
157	5982	1
157	5983	1
157	5987	1
157	5989	1
157	5992	1
157	5993	1
157	5996	2
157	5997	1
157	5998	1
157	5999	1
157	6002	3
157	6004	2
157	6007	1
157	6013	1
157	6017	1
157	6018	1
157	6019	1
157	6021	1
157	6025	1
157	6027	1
157	6029	1
157	6071	1
157	6088	1
157	6100	1
157	6124	1
157	6125	1
157	6126	1
157	6129	1
157	6144	1
157	6156	1
157	6176	1
157	6186	1
157	6209	1
157	6264	1
157	6273	1
157	6349	1
157	6360	1
157	6370	1
157	6381	1
158	505	1
158	761	1
158	1249	1
158	1389	1
158	2300	1
158	3382	1
158	5080	1
158	5811	1
158	6228	1
159	496	1
159	1692	1
159	3733	1
159	5753	1
160	109	1
160	1793	1
160	1852	1
160	2140	1
160	2379	1
160	2645	1
160	3670	1
160	3733	1
160	3909	1
160	4472	1
160	4574	1
160	5330	1
160	6004	1
160	6173	1
160	6352	1
161	364	1
161	366	1
161	1309	1
161	2074	1
161	2470	1
161	2752	1
161	2807	1
161	3958	1
161	4301	1
161	4804	1
161	5206	1
161	5750	1
162	191	1
162	219	1
162	307	1
162	526	1
162	536	1
162	710	1
162	722	1
162	761	1
162	890	1
162	1046	1
162	1124	1
162	1159	1
162	1349	1
162	1470	1
162	1642	1
162	1683	1
162	1730	1
162	1857	1
162	1915	1
162	2084	1
162	2097	2
162	2349	1
162	2495	1
162	2662	1
162	3192	1
162	3387	1
162	3527	1
162	3529	1
162	3530	1
162	3714	1
162	4116	2
162	4208	1
162	4239	1
162	4303	1
162	4519	1
162	4535	1
162	4691	1
162	5092	1
162	5198	1
162	5206	1
162	5330	1
162	5615	1
162	5676	1
162	5679	1
162	5757	1
162	6172	1
162	6331	1
163	1815	1
163	2097	2
163	2518	1
163	2909	1
163	3274	1
163	4464	1
163	4683	1
163	5380	1
164	492	1
164	3313	1
164	3926	1
164	5049	1
164	5996	1
164	6163	1
164	6326	1
165	32	1
165	118	1
165	361	1
165	572	1
165	1411	1
165	1915	1
165	1991	1
165	2015	1
165	2076	1
165	2097	1
165	2108	1
165	2166	1
165	2765	1
165	3202	1
165	3904	1
165	3932	1
165	4076	1
165	4116	2
165	4276	1
165	4288	2
165	4329	1
165	4396	1
165	5533	1
165	6074	1
166	3735	1
166	4131	1
166	4132	1
166	4219	1
167	39	1
167	260	1
167	1796	1
167	2392	1
167	2410	1
167	2808	1
167	2937	1
167	4463	1
167	5025	1
167	5330	1
167	5393	1
167	5481	1
167	5909	1
167	6039	1
167	6126	1
167	6162	1
168	155	1
168	200	1
168	273	1
168	351	1
168	352	1
168	434	1
168	450	1
168	509	1
168	521	1
168	527	1
168	536	1
168	582	1
168	586	1
168	605	1
168	639	1
168	890	1
168	923	1
168	948	1
168	958	1
168	1025	1
168	1170	1
168	1189	1
168	1203	1
168	1247	1
168	1347	1
168	1353	1
168	1363	2
168	1381	1
168	1430	1
168	1568	1
168	1737	1
168	2001	1
168	2003	1
168	2005	1
168	2058	1
168	2097	2
168	2099	1
168	2259	1
168	2310	1
168	2317	1
168	2393	1
168	2539	1
168	2589	1
168	2590	1
168	2604	1
168	2675	1
168	2695	1
168	2718	1
168	2771	1
168	2881	1
168	3041	1
168	3546	1
168	3801	1
168	3979	1
168	3984	2
168	4010	1
168	4099	1
168	4434	1
168	4527	1
168	4585	1
168	4668	1
168	4691	1
168	4792	1
168	4957	1
168	5023	1
168	5096	1
168	5245	1
168	5452	1
168	5462	1
168	5467	1
168	5481	5
168	5494	1
168	5745	1
168	5811	2
168	5909	1
168	5959	1
168	6089	1
168	6100	1
168	6189	1
168	6326	1
168	6356	1
168	6372	1
169	197	1
169	509	1
169	536	1
169	957	1
169	1471	1
169	1796	1
169	2001	1
169	2804	1
169	3793	1
169	3979	2
169	4261	1
169	4558	1
169	4683	1
169	6385	1
170	17	1
170	26	1
170	639	1
170	1159	1
170	1452	1
170	1615	1
170	1948	1
170	2305	1
170	2500	1
170	2713	1
170	2732	1
170	2959	1
170	3178	1
170	3358	1
170	3382	1
170	3655	1
170	4116	1
170	4438	1
170	4757	1
170	4804	1
170	4819	1
170	4877	1
170	4912	1
170	5220	1
170	5397	1
170	5531	1
170	5686	1
170	5811	1
170	6062	1
170	6280	1
170	6281	1
170	6342	1
171	29	1
171	35	1
171	723	1
171	842	1
171	1468	1
171	1897	1
171	2771	1
171	3021	1
171	3979	1
171	4194	1
171	5327	1
171	5401	1
171	6276	1
171	6307	1
171	6370	1
172	685	1
172	1000	1
172	3157	1
172	4283	1
172	5915	1
173	48	1
173	52	1
173	1340	1
173	1479	1
173	3823	1
173	5690	1
173	5978	1
174	536	1
174	2110	1
174	2283	1
174	2313	1
174	3196	1
174	3712	1
174	3909	1
174	4988	1
174	5322	1
174	5960	1
175	126	1
175	222	1
175	427	1
175	796	1
175	890	3
175	980	1
175	1360	1
175	1381	1
175	1407	1
175	1620	1
175	1637	1
175	1708	1
175	1780	1
175	2215	1
175	2217	1
175	2577	1
175	2680	1
175	2691	1
175	2774	1
175	2976	1
175	3120	1
175	3494	1
175	3506	1
175	4426	1
175	4531	1
175	4536	1
175	4584	1
175	4691	1
175	4807	1
175	5385	1
175	5415	1
175	5529	1
175	5597	1
175	5740	1
175	6004	1
175	6090	1
175	6113	1
175	6247	1
176	200	1
176	626	1
176	1309	1
176	1430	1
176	1452	1
176	1878	1
176	2295	1
176	2324	1
176	2839	1
176	3244	1
176	3488	1
176	5082	1
177	1393	1
177	1474	1
177	1915	1
177	1926	1
177	1949	1
177	2071	1
177	2106	1
177	2141	1
177	3196	1
177	3221	1
177	3993	1
177	4372	1
177	4447	1
177	4722	1
177	4863	1
177	6326	1
178	892	1
178	2290	1
178	2969	1
178	4691	1
178	4730	1
178	5811	1
179	200	1
179	503	1
179	599	1
179	628	1
179	718	1
179	989	1
179	1034	1
179	1381	1
179	1452	1
179	1500	1
179	1696	1
179	1768	1
179	1772	1
179	2112	1
179	2593	1
179	2761	1
179	2776	1
179	3146	1
179	3439	1
179	3487	1
179	3730	1
179	3751	1
179	4025	1
179	4632	1
179	4691	1
179	5287	1
179	5395	1
179	6101	1
179	6136	1
179	6247	1
179	6385	1
180	160	1
180	172	1
180	651	1
180	878	1
180	972	1
180	1213	1
180	1329	1
180	1452	1
180	1586	1
180	2252	1
180	3123	1
180	3147	1
180	3488	1
180	3508	1
180	3552	1
180	3553	1
180	4665	1
180	4691	1
180	4705	1
180	4712	1
180	4718	1
180	4722	1
180	4745	1
180	4819	1
180	5081	1
180	5234	1
180	5457	1
180	5579	1
180	6088	1
180	6236	1
180	6254	1
180	6259	1
181	175	1
181	205	1
181	223	1
181	358	1
181	427	1
181	809	1
181	904	1
181	950	1
181	952	1
181	1007	1
181	1099	1
181	1104	1
181	1213	1
181	1301	1
181	1430	1
181	1452	1
181	1472	1
181	1483	1
181	1567	1
181	1622	1
181	1656	1
181	1755	1
181	1784	1
181	2273	1
181	2870	1
181	3392	1
181	3403	1
181	3489	1
181	3490	1
181	3543	1
181	3678	1
181	4592	1
181	4691	3
181	4723	1
181	4790	1
181	4792	1
181	4844	1
181	4872	1
181	5134	1
181	5760	1
181	5853	1
181	6056	1
181	6184	1
181	6232	1
182	272	1
182	773	1
182	903	1
182	1349	1
182	1502	1
182	1644	1
182	2491	1
182	2982	1
182	3390	1
182	3408	1
182	3712	1
182	4069	1
182	4555	1
182	4932	1
182	5842	1
182	6115	1
183	2098	1
183	3979	2
183	6326	1
184	205	1
184	239	1
184	277	1
184	890	2
184	899	1
184	929	1
184	992	1
184	994	1
184	1006	1
184	1016	1
184	1143	1
184	1225	1
184	1226	1
184	1295	1
184	1363	2
184	1414	1
184	1461	1
184	1738	1
184	1761	1
184	2322	1
184	2354	1
184	2541	1
184	2615	1
184	2744	1
184	3175	1
184	3405	1
184	3900	1
184	4116	1
184	4231	1
184	4479	1
184	4501	1
184	5023	1
184	5241	1
184	5731	1
184	5773	1
184	6058	1
184	6066	1
184	6119	1
184	6149	1
184	6218	1
185	20	1
185	1110	1
185	1533	1
185	1589	1
185	3168	1
185	3424	1
185	3767	1
185	4288	1
185	4723	1
185	4919	1
185	4921	1
185	6363	1
186	989	1
186	1099	1
186	1335	1
186	1546	1
186	1607	1
186	1777	1
186	1947	1
186	2442	1
186	2681	1
186	3575	1
186	5385	1
186	5811	1
186	5827	1
186	6136	1
186	6376	1
186	6379	1
187	2097	1
187	2586	1
187	2938	1
187	3198	1
187	3979	1
187	4530	1
187	4536	1
187	4553	1
187	4581	1
187	5326	1
187	5575	1
187	5607	1
188	4208	1
188	4399	1
188	4907	1
188	5069	1
189	29	1
189	233	1
189	1151	1
189	1379	2
189	3230	1
189	6208	1
189	6217	1
190	227	1
190	260	1
190	321	1
190	398	1
190	715	1
190	1135	1
190	1864	1
190	2252	1
190	2254	1
190	2346	1
190	2357	1
190	3852	1
190	3874	1
190	4002	1
190	4608	1
190	5738	1
190	5911	1
191	1018	1
191	1845	1
191	2294	1
191	2691	1
191	4020	1
191	4506	1
191	4928	1
191	6085	1
192	1009	1
192	1314	1
192	2200	1
192	2541	1
192	5423	1
192	5633	1
192	5650	1
192	6367	1
193	168	1
193	171	1
193	1153	3
193	1442	1
193	1658	1
193	1938	1
193	4429	1
193	5628	1
193	6058	1
193	6222	1
194	297	1
194	1159	1
194	1908	1
194	1915	1
194	1970	1
194	2097	2
194	2421	1
194	2805	1
194	2876	1
194	2990	1
194	3244	1
194	3643	1
194	3881	1
194	3979	5
194	3980	1
194	3984	1
194	4019	1
194	4530	1
194	4571	1
194	4691	1
194	4727	1
194	5449	1
194	5455	1
194	5658	1
194	6078	4
194	6326	2
195	124	1
195	125	1
195	407	1
195	631	1
195	740	1
195	890	1
195	1298	1
195	1525	1
195	2229	1
195	2264	1
195	2407	1
195	2573	1
195	2664	1
195	3127	1
195	3252	1
195	3346	1
195	3396	1
195	3481	1
195	3510	1
195	3582	1
195	3605	1
195	4142	1
195	4162	1
195	4181	1
195	4195	1
195	4238	1
195	4691	1
195	4864	1
195	4868	1
195	5029	1
195	5089	1
195	5229	1
195	5283	1
195	5456	1
195	5813	1
195	6333	1
196	931	1
196	1103	1
196	3638	1
196	3696	1
196	4691	1
196	4760	1
196	5813	1
196	6085	1
197	285	1
197	290	1
197	293	1
197	296	1
197	307	1
197	322	1
197	327	1
197	363	1
197	477	1
197	516	1
197	520	1
197	521	1
197	526	1
197	527	1
197	531	1
197	538	1
197	552	1
197	555	1
197	556	1
197	649	1
197	660	1
197	689	1
197	813	1
197	819	1
197	889	1
197	1260	1
197	1400	1
197	1645	1
197	1665	1
197	1883	1
197	1884	1
197	1885	1
197	1893	2
197	1915	1
197	1921	1
197	1928	1
197	1930	1
197	1935	1
197	1936	1
197	1950	1
197	1952	1
197	1958	1
197	1963	1
197	1969	1
197	1984	1
197	2001	1
197	2006	1
197	2032	1
197	2038	1
197	2047	1
197	2051	1
197	2052	1
197	2053	1
197	2054	1
197	2055	1
197	2080	1
197	2097	5
197	2098	6
197	2104	1
197	2162	1
197	2744	1
197	2790	1
197	2923	2
197	3008	1
197	3020	1
197	3166	1
197	3254	1
197	3324	1
197	3721	1
197	3740	1
197	3750	1
197	3761	1
197	3916	1
197	3925	1
197	3931	1
197	3939	1
197	3946	4
197	3955	1
197	3957	1
197	3965	1
197	3967	3
197	3979	4
197	3983	2
197	3984	22
197	4465	1
197	4813	1
197	5064	2
197	5067	2
197	5294	1
197	5442	1
197	5463	1
197	5546	1
197	5550	2
197	5554	3
197	5555	1
197	5665	1
197	5930	1
197	6046	1
197	6080	5
197	6329	1
198	1361	1
198	1915	1
198	4252	1
198	5361	1
198	5384	1
198	5561	1
199	681	1
199	2059	1
199	3909	1
199	3979	1
199	5452	1
199	6326	1
200	1709	1
200	2097	1
200	2685	1
200	3912	1
200	4192	1
200	4332	1
200	4375	1
200	4771	1
200	5429	1
200	5654	1
200	6048	1
200	6074	1
200	6078	1
200	6094	1
200	6122	1
200	6326	1
200	6332	1
201	127	1
201	634	1
201	1048	1
201	1871	1
201	1993	1
201	2344	1
201	2575	1
201	2784	1
201	3244	1
201	3302	1
201	3341	1
201	3405	1
201	4452	1
201	4691	1
201	4741	1
201	5165	1
201	5661	1
201	5815	1
201	6106	1
201	6385	1
202	2030	1
202	2597	1
202	5282	1
202	6260	1
203	3	1
203	282	1
203	646	1
203	654	1
203	859	1
203	872	1
203	901	1
203	935	1
203	947	2
203	953	1
203	954	1
203	963	1
203	966	1
203	967	1
203	985	1
203	1012	1
203	1016	1
203	1033	1
203	1036	1
203	1037	1
203	1060	1
203	1066	1
203	1081	1
203	1083	1
203	1085	1
203	1096	1
203	1119	1
203	1132	1
203	1133	1
203	1141	1
203	1142	1
203	1163	1
203	1169	1
203	1173	1
203	1174	1
203	1197	1
203	1205	1
203	1227	1
203	1229	1
203	1247	1
203	1258	1
203	1291	1
203	1301	1
203	1309	1
203	1311	1
203	1324	1
203	1339	1
203	1363	1
203	1365	1
203	1370	1
203	1372	1
203	1380	1
203	1385	1
203	1879	1
203	2000	1
203	2019	1
203	2097	1
203	2138	1
203	2741	1
203	3135	1
203	3401	1
203	4555	1
203	4740	1
203	5231	1
203	5674	1
203	5942	1
203	6381	1
204	226	1
204	376	1
204	443	1
204	456	1
204	459	1
204	474	1
204	476	1
204	581	1
204	598	1
204	700	1
204	804	1
204	805	1
204	885	1
204	1074	1
204	1398	1
204	1868	1
204	1872	1
204	2002	1
204	2307	1
204	2428	1
204	2592	1
204	2716	1
204	3030	1
204	3057	1
204	3080	1
204	3099	1
204	3514	1
204	3609	1
204	3792	1
204	3909	1
204	3961	1
204	4050	1
204	4056	1
204	4091	1
204	4116	2
204	4155	1
204	4199	1
204	4214	1
204	4238	1
204	4285	1
204	4287	1
204	4305	1
204	4413	1
204	4691	1
204	4799	1
204	4813	1
204	4915	1
204	5106	1
204	5206	1
204	5245	1
204	5250	1
204	5262	1
204	5325	1
204	5462	1
204	5467	1
204	5473	1
204	5481	2
204	5507	2
204	5524	1
204	5530	2
204	5610	1
204	5813	1
204	6078	1
204	6083	1
204	6109	1
204	6214	1
204	6250	1
204	6313	1
204	6320	1
204	6378	1
205	180	1
205	235	1
205	423	1
205	435	1
205	660	1
205	1438	1
205	1589	1
205	2154	1
205	2266	1
205	2717	1
205	4556	1
205	4691	1
205	5879	1
205	6234	1
205	6333	1
205	6385	1
206	517	1
206	539	1
206	1395	1
206	1492	1
206	2019	1
206	2079	1
206	2088	1
206	2097	11
206	2098	2
206	2888	1
206	2998	1
206	3319	1
206	3374	1
206	3376	1
206	3712	1
206	3914	1
206	3948	1
206	3964	1
206	3979	3
206	3982	1
206	5067	1
206	5453	1
206	5930	2
206	5982	1
206	6078	1
206	6349	1
207	345	1
207	861	1
207	890	1
207	1688	1
207	2103	1
207	2521	1
207	2987	1
207	3302	1
207	3771	1
207	3979	1
207	4550	1
207	5117	1
207	5331	1
207	5552	1
207	5622	1
207	5930	1
207	6136	1
208	388	1
208	681	1
208	771	1
208	2907	1
208	3249	1
208	3457	1
208	3702	1
208	4248	1
208	4360	1
208	4691	1
208	5024	1
208	5219	1
208	5249	1
208	5282	1
208	5343	1
208	5345	1
208	6143	1
208	6176	1
209	900	1
209	1309	1
209	2098	1
209	3779	2
209	4340	1
209	4486	1
209	5896	1
210	86	1
210	690	1
210	850	1
210	1309	1
210	1502	1
210	2040	1
210	2341	1
210	2467	1
210	2633	1
210	2719	1
210	3062	1
210	3098	1
210	3099	1
210	3880	1
210	4325	1
210	4719	1
210	4751	1
210	5206	1
210	6004	1
210	6051	1
211	402	1
211	456	1
211	745	1
211	758	1
211	1191	1
211	2014	1
211	2410	1
211	2556	1
211	2558	1
211	3469	1
211	3879	1
211	5205	1
211	5206	1
211	5224	1
211	5269	1
211	5480	1
211	5481	1
212	209	1
212	890	1
212	2560	1
212	2659	1
212	3144	1
213	325	1
213	953	1
213	1049	1
213	1337	1
213	2074	1
213	2086	1
213	2386	1
213	2474	1
213	2610	1
213	3317	1
213	3349	1
213	3849	2
213	4562	1
213	5074	1
213	5164	1
213	5186	1
213	5197	1
213	6173	1
213	6240	1
214	1195	1
214	1652	1
214	2429	1
214	2481	1
214	2612	1
214	2795	1
214	3979	1
214	4002	1
214	4176	1
214	4279	1
214	4476	1
214	4691	1
214	5118	1
214	5120	1
214	5187	1
214	6106	1
214	6146	1
214	6167	1
215	256	1
215	1312	1
215	3402	1
215	4934	1
215	5575	1
215	5753	2
216	1332	1
216	2813	1
216	2855	1
216	3470	1
216	4793	1
216	5200	1
217	695	1
217	1173	1
217	1430	1
217	1453	1
217	1495	1
217	1496	1
217	1550	1
217	1551	1
217	1582	1
217	1621	1
217	2960	1
217	3446	1
217	4312	1
218	656	1
218	848	1
218	1057	1
218	1748	1
218	2366	1
218	2543	1
218	2841	1
218	2879	1
218	2918	1
218	2941	1
218	3220	1
218	3452	1
218	3481	1
218	3568	1
218	3611	1
218	3894	1
218	4116	2
218	4206	1
218	4691	1
218	4785	1
218	4979	1
218	5206	1
218	5257	1
218	5752	1
218	6230	1
218	6232	1
218	6256	1
218	6325	1
219	650	1
219	1427	1
219	2293	1
219	2615	1
219	2953	1
219	3114	1
219	3474	1
219	3985	1
219	4046	1
219	4734	1
219	6179	1
219	6315	1
219	6344	1
220	3	1
220	4	1
220	5	1
220	8	1
220	16	1
220	20	1
220	34	1
220	134	1
220	208	1
220	213	1
220	217	1
220	228	1
220	241	1
220	242	1
220	248	1
220	251	1
220	262	1
220	269	1
220	360	1
220	374	1
220	398	1
220	432	1
220	438	1
220	464	1
220	543	1
220	544	1
220	652	1
220	697	1
220	727	1
220	768	1
220	800	1
220	875	1
220	890	3
220	895	1
220	896	1
220	898	1
220	940	1
220	992	2
220	999	1
220	1014	1
220	1015	1
220	1017	1
220	1024	1
220	1041	2
220	1046	1
220	1049	1
220	1069	1
220	1129	1
220	1130	1
220	1139	1
220	1144	1
220	1145	1
220	1153	1
220	1159	2
220	1160	1
220	1162	1
220	1164	1
220	1166	1
220	1168	1
220	1174	1
220	1175	1
220	1181	1
220	1192	1
220	1196	1
220	1204	1
220	1220	1
220	1223	1
220	1224	1
220	1231	1
220	1234	1
220	1240	1
220	1252	1
220	1265	1
220	1295	1
220	1297	1
220	1306	1
220	1316	1
220	1348	1
220	1349	1
220	1366	1
220	1370	1
220	1378	2
220	1385	1
220	1413	1
220	1422	1
220	1484	1
220	1502	1
220	1506	1
220	1581	1
220	1612	1
220	1627	1
220	1706	1
220	1745	1
220	1767	1
220	1779	1
220	1836	1
220	1973	1
220	2156	1
220	2205	1
220	2267	1
220	2348	1
220	2351	1
220	2353	1
220	2410	1
220	2437	1
220	2560	1
220	2626	1
220	2627	1
220	2628	1
220	2643	1
220	2661	1
220	2680	1
220	2749	1
220	2767	1
220	2942	1
220	2956	1
220	2968	1
220	2971	1
220	2973	1
220	2974	1
220	2980	1
220	2983	1
220	3065	1
220	3114	1
220	3203	1
220	3224	1
220	3318	1
220	3382	1
220	3404	1
220	3405	1
220	3425	1
220	3460	1
220	3523	1
220	3533	1
220	3544	1
220	3546	3
220	3547	1
220	3563	1
220	3603	1
220	3624	1
220	3632	1
220	3656	1
220	3679	1
220	3708	1
220	3858	1
220	3885	1
220	3891	1
220	3892	1
220	3895	1
220	3898	1
220	3901	1
220	3902	1
220	3903	1
220	3905	1
220	4002	2
220	4018	1
220	4019	1
220	4109	1
220	4113	1
220	4156	1
220	4181	1
220	4248	1
220	4264	1
220	4423	1
220	4508	1
220	4531	1
220	4631	1
220	4654	1
220	4691	2
220	4707	1
220	4727	1
220	4782	1
220	4787	1
220	4792	1
220	4802	1
220	4807	3
220	4813	1
220	4818	1
220	4826	1
220	4854	1
220	4867	1
220	4893	1
220	4897	1
220	4900	1
220	4923	1
220	4926	1
220	4930	1
220	4952	1
220	4977	1
220	5023	1
220	5031	1
220	5084	1
220	5162	1
220	5284	1
220	5397	1
220	5404	1
220	5503	1
220	5517	1
220	5532	1
220	5572	1
220	5603	1
220	5752	1
220	5774	1
220	5775	1
220	5793	1
220	5805	2
220	5806	1
220	5811	1
220	5812	1
220	5813	1
220	5814	1
220	5821	1
220	5822	1
220	5825	1
220	5834	1
220	5843	1
220	5845	1
220	5849	1
220	5850	1
220	5852	1
220	5857	2
220	5864	1
220	5874	1
220	5876	1
220	5880	1
220	5881	1
220	5897	1
220	5920	1
220	6004	1
220	6049	1
220	6053	1
220	6059	1
220	6150	1
220	6151	1
220	6170	1
220	6187	1
220	6222	1
220	6226	1
220	6227	1
220	6235	1
220	6242	1
220	6244	1
220	6277	1
220	6282	1
220	6287	1
220	6295	1
220	6296	1
220	6356	2
220	6378	1
221	98	1
221	117	1
221	153	1
221	451	1
221	569	1
221	575	1
221	608	1
221	638	1
221	639	1
221	640	1
221	665	1
221	725	1
221	799	1
221	951	1
221	1281	1
221	1375	1
221	1393	1
221	1445	1
221	1450	1
221	1469	1
221	1477	1
221	1536	1
221	1539	1
221	1550	1
221	1588	1
221	1640	1
221	1717	1
221	1765	1
221	1904	1
221	1915	1
221	1953	1
221	2037	1
221	2097	1
221	2296	1
221	2325	1
221	2550	1
221	2821	1
221	2832	1
221	2882	1
221	2935	1
221	2958	1
221	2991	1
221	3019	1
221	3089	1
221	3136	1
221	3158	1
221	3160	1
221	3163	1
221	3173	1
221	3179	1
221	3245	1
221	3417	1
221	3421	1
221	3430	1
221	3434	1
221	3437	1
221	3471	1
221	3479	1
221	3520	1
221	3593	1
221	3676	1
221	3677	1
221	3839	1
221	4040	1
221	4152	1
221	4161	1
221	4246	1
221	4253	1
221	4318	1
221	4359	1
221	4362	1
221	4364	1
221	4392	1
221	4414	1
221	4588	1
221	4612	1
221	4680	1
221	4685	1
221	4691	2
221	4697	1
221	4698	1
221	4699	1
221	4709	2
221	4763	1
221	4772	1
221	4790	2
221	4792	1
221	4806	1
221	4870	1
221	5773	1
221	5808	1
221	5825	1
221	5865	1
221	5875	1
221	5922	1
221	6224	1
221	6230	1
221	6301	1
221	6326	1
221	6356	1
221	6364	1
222	340	1
222	4232	1
222	5170	1
222	5982	1
222	6078	1
222	6325	1
223	1224	1
223	2731	1
223	2787	1
223	4471	1
223	4477	1
223	5302	1
223	5419	1
223	5702	1
224	587	1
224	831	1
224	833	1
224	1439	1
224	1634	1
224	2390	1
224	2669	1
224	3357	1
224	3712	1
224	3950	1
224	3979	3
224	3985	1
224	4055	1
224	4116	1
224	4147	1
224	4540	1
224	4832	1
224	5235	1
224	5455	1
224	5602	1
224	6371	1
224	6380	1
225	3762	1
225	3914	1
225	3979	1
225	3985	1
225	4566	1
225	6326	2
225	6327	1
226	433	1
226	1292	1
226	1587	1
226	1745	1
226	3159	1
226	3194	1
226	3218	1
226	3546	1
226	4389	1
226	4428	1
226	4691	1
226	4883	1
226	5199	1
226	5685	1
226	5686	1
226	5752	1
226	5796	2
227	956	1
227	1145	1
227	1430	1
227	1543	1
227	1783	1
227	2355	1
227	4953	1
227	5223	1
227	5412	1
227	5492	1
227	5909	1
227	6183	1
227	6235	1
227	6262	1
228	190	1
228	875	1
228	927	1
228	1357	1
228	1754	1
228	1910	1
228	2343	1
228	2493	1
228	2537	1
228	3178	1
228	3400	1
228	3428	1
228	3609	1
228	4190	1
228	4885	1
228	5206	1
228	5372	1
228	6078	1
229	122	1
229	887	1
229	1182	1
229	1851	1
229	1991	1
229	2517	1
229	2672	1
229	2703	1
229	2710	1
229	2810	1
229	2834	1
229	2884	1
229	2947	1
229	2963	1
229	2986	1
229	3120	1
229	3380	1
229	3558	1
229	3683	1
229	3707	1
229	3722	1
229	4028	1
229	4141	1
229	4238	1
229	4244	1
229	4275	1
229	4329	1
229	4449	1
229	4545	1
229	4556	1
229	4577	1
229	4591	1
229	4691	1
229	4988	1
229	5098	1
229	5116	1
229	5240	1
229	5343	1
229	5376	1
229	5647	1
229	6091	1
229	6215	1
229	6226	1
229	6329	1
230	810	1
230	1019	1
230	1430	1
230	1586	1
230	3171	1
230	3332	1
230	3890	1
231	250	1
231	1005	1
231	1200	1
231	1650	1
231	2304	1
231	2396	1
231	2522	1
231	2612	1
231	3396	1
231	3432	1
231	3979	1
231	4067	1
231	4116	1
231	4539	1
231	4729	1
231	5648	1
231	5807	1
231	5908	1
231	6377	1
232	779	1
232	2607	1
232	4149	1
232	5342	1
232	5402	1
233	23	1
233	1478	1
233	1609	1
233	1906	1
233	2206	1
233	2816	1
233	3382	1
233	3600	1
233	3708	1
233	4504	1
233	4691	1
233	4874	1
233	4921	1
233	5318	1
234	1032	1
234	1159	1
234	1295	1
234	1592	1
234	3656	1
234	3908	1
234	4660	1
234	4782	1
235	144	1
235	1895	1
235	2087	1
235	2098	1
236	523	1
236	536	1
236	541	1
236	3308	1
236	3979	1
236	5063	1
236	5917	1
236	6320	1
237	866	1
237	890	2
237	926	1
237	1478	1
237	1961	1
237	2934	1
237	3009	1
237	3045	1
237	3055	1
237	3058	1
237	3060	1
237	3081	1
237	3223	1
237	3712	1
237	3728	1
237	3754	1
237	3755	1
237	3762	1
237	3766	1
237	3770	1
237	3932	1
237	4023	1
237	4028	1
237	4035	1
237	4057	1
237	4116	2
237	4121	1
237	4156	1
237	4174	1
237	4209	1
237	4306	1
237	4319	1
237	4764	1
237	4941	1
237	5082	1
237	5101	1
237	5351	1
237	5707	1
237	6192	1
237	6312	1
237	6358	1
237	6378	1
238	290	1
238	515	1
238	789	1
238	882	1
238	890	1
238	922	1
238	1586	1
238	1668	1
238	1910	1
238	1915	1
238	2001	1
238	2077	1
238	2435	1
238	2528	1
238	2696	1
238	2857	1
238	4839	1
238	5623	1
238	5896	1
238	6047	1
238	6204	1
238	6215	1
238	6355	1
238	6360	1
239	43	1
239	46	1
239	271	1
239	627	1
239	1016	1
239	1292	1
239	1666	1
239	1920	1
239	1951	1
239	2620	1
239	3262	1
239	3462	1
239	4691	1
239	5421	1
239	6033	1
239	6151	1
239	6232	1
240	950	1
240	1527	1
240	3235	1
240	4116	1
240	4247	1
240	4279	1
240	4691	1
240	5206	1
241	1564	1
241	1915	1
241	2223	1
241	2814	1
241	5699	1
241	6134	3
241	6135	1
241	6148	1
241	6213	1
242	1503	1
242	2574	1
242	2585	1
242	2609	1
242	3186	1
242	3314	1
242	3973	1
242	4675	1
242	5018	1
242	5230	1
242	5518	1
242	5877	1
243	485	1
243	4043	1
243	5359	1
243	5588	1
243	6083	1
244	37	1
244	45	1
244	49	1
244	50	1
244	52	1
244	53	1
244	54	1
244	56	1
244	58	1
244	60	1
244	61	1
244	62	1
244	63	1
244	64	1
244	66	1
244	67	1
244	68	2
244	69	1
244	71	2
244	73	1
244	108	1
244	114	1
244	135	1
244	171	1
244	181	1
244	253	1
244	259	1
244	281	2
244	292	1
244	294	1
244	295	1
244	334	1
244	341	1
244	356	1
244	370	1
244	376	1
244	419	1
244	436	1
244	480	1
244	488	1
244	540	1
244	553	1
244	557	1
244	562	1
244	574	1
244	613	1
244	614	1
244	616	1
244	639	1
244	668	1
244	691	1
244	744	1
244	852	1
244	928	1
244	947	1
244	965	1
244	1013	1
244	1016	1
244	1024	1
244	1027	1
244	1044	1
244	1080	1
244	1082	1
244	1088	1
244	1101	1
244	1125	1
244	1147	1
244	1159	1
244	1230	1
244	1253	1
244	1268	1
244	1286	1
244	1307	1
244	1309	1
244	1349	1
244	1374	1
244	1412	1
244	1464	1
244	1499	1
244	1654	1
244	1665	1
244	1681	1
244	1691	1
244	1693	1
244	1698	2
244	1715	1
244	1726	1
244	1757	1
244	1782	1
244	1787	1
244	1788	1
244	1790	1
244	1791	1
244	1795	1
244	1800	1
244	1810	1
244	1826	1
244	1827	1
244	1842	1
244	1852	1
244	1854	1
244	1855	1
244	1865	1
244	1866	1
244	1902	1
244	1907	1
244	1915	1
244	1966	1
244	1987	1
244	2029	1
244	2084	1
244	2091	1
244	2127	1
244	2129	1
244	2133	1
244	2136	1
244	2150	1
244	2155	1
244	2159	1
244	2164	1
244	2166	1
244	2170	1
244	2174	1
244	2187	2
244	2191	1
244	2193	1
244	2197	1
244	2199	1
244	2202	1
244	2203	1
244	2206	1
244	2207	1
244	2214	1
244	2222	1
244	2244	1
244	2251	1
244	2319	1
244	2355	1
244	2358	1
244	2368	1
244	2375	1
244	2384	1
244	2396	2
244	2424	1
244	2437	2
244	2443	1
244	2444	1
244	2447	1
244	2449	1
244	2450	1
244	2533	1
244	2545	1
244	2552	1
244	2562	1
244	2570	1
244	2582	1
244	2621	1
244	2622	1
244	2624	2
244	2627	2
244	2641	1
244	2655	1
244	2717	2
244	2740	1
244	2781	1
244	2783	1
244	2785	1
244	2791	1
244	2897	1
244	2908	1
244	2910	1
244	2916	1
244	2918	1
244	2924	1
244	2927	1
244	2928	1
244	2967	1
244	2972	1
244	2984	1
244	2995	1
244	3060	2
244	3067	1
244	3073	1
244	3093	1
244	3124	1
244	3132	1
244	3177	1
244	3216	1
244	3247	1
244	3271	1
244	3276	1
244	3279	1
244	3285	1
244	3289	1
244	3294	1
244	3345	1
244	3354	1
244	3579	1
244	3585	1
244	3618	1
244	3631	1
244	3712	1
244	3720	1
244	3788	1
244	3790	1
244	3796	1
244	3816	1
244	3818	1
244	3826	1
244	3828	1
244	3852	1
244	3901	1
244	3951	1
244	3979	1
244	3984	2
244	4002	1
244	4017	1
244	4023	1
244	4104	1
244	4116	3
244	4123	1
244	4133	1
244	4160	1
244	4228	1
244	4243	1
244	4244	1
244	4290	1
244	4293	1
244	4329	1
244	4376	1
244	4401	1
244	4441	1
244	4473	1
244	4480	1
244	4488	1
244	4493	1
244	4538	1
244	4556	1
244	4561	1
244	4620	1
244	4642	1
244	4691	3
244	4701	1
244	4807	1
244	4823	1
244	4825	1
244	5000	1
244	5014	1
244	5041	1
244	5044	1
244	5052	1
244	5057	1
244	5061	1
244	5078	1
244	5137	1
244	5138	1
244	5164	1
244	5165	1
244	5193	1
244	5206	4
244	5209	1
244	5227	1
244	5228	1
244	5242	1
244	5256	1
244	5287	1
244	5291	1
244	5296	1
244	5302	1
244	5308	1
244	5313	1
244	5390	1
244	5420	1
244	5422	1
244	5431	1
244	5451	1
244	5452	1
244	5538	1
244	5565	1
244	5600	1
244	5604	1
244	5621	1
244	5630	1
244	5643	1
244	5693	1
244	5703	1
244	5708	1
244	5761	1
244	5765	1
244	5799	1
244	5811	1
244	5829	1
244	5852	1
244	5865	1
244	5876	1
244	5904	1
244	5910	1
244	5941	1
244	5942	1
244	5946	1
244	5948	1
244	5949	1
244	5951	3
244	5964	1
244	5965	2
244	5966	1
244	5973	2
244	5974	1
244	5975	2
244	5977	2
244	5978	1
244	5986	1
244	5991	1
244	5993	1
244	6004	6
244	6005	1
244	6009	1
244	6011	1
244	6028	1
244	6032	1
244	6033	1
244	6036	4
244	6046	1
244	6058	1
244	6066	1
244	6076	1
244	6091	1
244	6106	1
244	6130	1
244	6134	1
244	6140	1
244	6156	1
244	6170	1
244	6243	1
244	6260	1
244	6264	1
244	6267	1
244	6268	1
244	6272	1
244	6276	1
244	6326	2
244	6335	1
244	6342	1
244	6350	1
244	6356	2
244	6365	1
244	6368	2
244	6378	1
244	6385	1
245	177	1
245	365	1
245	1721	1
245	1728	1
245	1995	1
245	2920	1
245	3061	1
245	3412	1
245	4180	1
245	4251	1
245	4353	1
245	4691	1
245	4752	1
245	4864	1
245	5370	1
245	5397	1
245	6193	1
245	6197	1
246	742	1
246	912	1
246	1741	1
246	1770	1
246	2232	1
246	4691	1
246	5428	1
246	6195	1
247	1455	1
247	2477	1
247	3944	1
247	4938	1
247	5713	1
247	5888	1
247	6171	1
247	6326	1
247	6385	1
248	395	1
248	778	1
248	785	1
248	2970	1
248	3979	1
248	4727	1
248	5223	1
248	5746	1
248	5753	2
249	25	1
249	26	1
249	31	1
249	84	1
249	90	1
249	143	1
249	158	1
249	289	1
249	337	1
249	347	1
249	383	1
249	515	1
249	749	1
249	807	1
249	883	1
249	887	1
249	1004	1
249	1084	1
249	1424	1
249	1835	1
249	1874	1
249	1876	1
249	1881	1
249	1886	1
249	1902	1
249	1915	1
249	1956	1
249	2061	1
249	2084	1
249	2124	1
249	2143	1
249	2179	1
249	2223	1
249	2353	1
249	2404	1
249	2511	1
249	2530	1
249	2700	1
249	2809	1
249	2911	1
249	2916	1
249	2919	1
249	3187	1
249	3217	1
249	3239	1
249	3300	1
249	3359	1
249	3364	1
249	3366	1
249	3367	1
249	3369	1
249	3371	1
249	3382	2
249	3514	1
249	3722	1
249	3725	1
249	3741	1
249	3821	1
249	3972	1
249	3985	1
249	3988	1
249	4074	1
249	4116	6
249	4132	1
249	4179	1
249	4201	1
249	4211	1
249	4223	1
249	4248	1
249	4255	1
249	4262	1
249	4290	1
249	4355	1
249	4388	1
249	4409	1
249	4411	1
249	4445	1
249	4449	1
249	4469	1
249	4482	1
249	4495	1
249	4515	1
249	4536	1
249	4545	1
249	4567	1
249	4568	1
249	4691	1
249	4973	1
249	4988	1
249	5015	1
249	5055	1
249	5179	1
249	5206	1
249	5216	1
249	5290	1
249	5351	1
249	5371	1
249	5374	1
249	5376	1
249	5379	1
249	5385	1
249	5548	1
249	5627	1
249	5672	1
249	5675	1
249	5677	1
249	5702	1
249	5753	1
249	5874	1
249	5891	1
249	5914	1
249	5937	1
249	5988	1
249	6009	1
249	6046	1
249	6058	1
249	6096	1
249	6167	1
249	6174	1
249	6326	1
249	6329	1
249	6342	1
249	6346	1
249	6351	1
249	6360	1
249	6385	2
250	1096	1
250	3938	1
250	3979	1
250	5206	1
251	1188	1
251	1390	1
251	2083	1
251	2097	1
251	3330	1
251	5413	1
251	5716	1
251	6078	1
252	1016	1
252	1036	1
252	3111	1
252	3535	1
252	4893	1
252	5577	1
253	274	1
253	313	1
253	1847	1
253	2097	1
253	3475	1
253	3567	1
253	3723	1
253	4496	1
253	5386	1
253	5857	1
253	5923	1
253	6078	1
253	6181	1
253	6296	1
253	6329	1
254	139	1
254	274	1
254	369	1
254	554	1
254	703	1
254	960	1
254	1022	1
254	1701	1
254	1801	1
254	1965	1
254	2254	1
254	2355	1
254	2418	1
254	2647	1
254	2677	1
254	3289	1
254	3298	1
254	3971	1
254	3979	2
254	4010	1
254	4114	1
254	4502	1
254	4544	1
254	5206	2
254	5322	1
254	5614	1
254	5646	1
254	5924	1
254	6038	1
254	6091	1
254	6290	1
254	6324	1
255	1382	1
255	2890	1
255	2981	1
255	3197	1
255	3462	1
255	4830	1
255	5154	1
256	551	1
256	789	1
256	862	1
256	1646	1
256	4089	1
257	186	1
257	339	1
257	823	1
257	863	1
257	2016	1
257	2671	1
257	3283	1
257	3649	1
257	3979	1
257	4106	1
257	5595	1
257	5612	1
257	5752	1
257	6080	1
257	6162	1
257	6325	1
257	6326	1
257	6382	1
258	154	1
258	2253	1
258	2410	1
258	5169	1
258	5918	1
258	6264	1
259	32	1
259	34	1
259	367	1
259	489	1
259	502	1
259	1730	2
259	1991	1
259	2116	1
259	2182	1
259	2640	1
259	2705	1
259	2765	1
259	2941	1
259	3570	1
259	3757	1
259	3902	1
259	3970	1
259	3975	1
259	4116	1
259	4358	1
259	4391	1
259	4395	1
259	4451	1
259	4691	1
259	4733	1
259	4815	1
259	5012	1
259	5212	1
259	5382	1
259	5416	1
259	5872	1
259	6073	1
259	6329	1
259	6351	1
260	1143	1
260	2396	1
260	2570	1
260	5012	1
260	5292	1
260	5942	1
261	244	1
261	786	1
261	2382	1
261	3906	1
261	6335	1
262	1430	1
262	2206	1
262	5976	1
262	5995	1
262	6338	1
263	562	1
263	618	1
263	2206	1
263	2786	1
263	2794	1
263	4388	1
263	5230	1
263	5944	1
264	1971	3
264	2011	1
264	2029	1
265	375	1
265	696	1
265	726	1
265	3408	1
265	5722	1
266	1024	1
266	1152	1
266	1159	1
266	1259	1
266	2097	1
266	2139	1
266	3167	1
266	4009	1
266	4248	1
266	6136	1
267	3979	2
267	3984	3
268	1922	1
268	2035	1
268	2098	1
268	2105	1
268	6078	1
268	6327	1
269	141	1
269	228	1
269	421	1
269	609	1
269	946	1
269	1351	1
269	1377	1
269	1484	1
269	1594	1
269	1678	1
269	1751	1
269	2112	1
269	2412	1
269	2454	1
269	2503	1
269	2588	1
269	2815	1
269	2848	1
269	3122	1
269	3156	1
269	3379	1
269	3405	1
269	3407	1
269	3411	1
269	4442	1
269	4651	1
269	4743	1
269	5068	1
269	5104	1
269	5206	1
269	5752	1
269	5779	1
269	5863	1
269	5876	1
269	6004	1
269	6294	1
270	571	1
270	2015	2
270	2079	1
270	2097	7
270	2098	1
270	3984	1
270	4575	1
270	6326	1
271	2001	1
271	2084	1
271	3201	1
271	3909	1
271	3979	1
271	5062	1
271	5206	1
271	5452	1
272	16	1
272	133	1
272	632	1
272	656	1
272	657	1
272	696	1
272	700	1
272	947	1
272	1464	1
272	2046	1
272	2180	1
272	2306	1
272	3405	1
272	3626	1
272	4046	1
272	4243	1
272	4409	1
272	4471	1
272	5015	1
272	5313	1
272	5945	1
272	6385	1
273	512	1
273	559	1
273	639	1
273	849	1
273	1249	1
273	1744	1
273	1965	1
273	2097	3
273	3243	1
273	5363	1
273	5440	1
273	5453	1
273	6326	1
274	1095	1
274	1304	1
274	3333	1
274	3833	1
274	4950	1
274	5742	1
274	5808	1
274	6264	1
275	1050	1
275	3544	1
275	4116	1
275	5503	1
275	5726	1
276	1697	2
276	2181	1
276	2194	1
276	2204	1
276	2329	1
276	3816	1
276	5606	1
276	5748	1
276	5951	1
276	5974	1
276	6004	1
277	1286	1
277	1482	1
277	3087	1
277	3090	1
278	533	1
278	1181	1
278	1915	1
278	1997	1
278	2097	1
278	2993	1
278	3301	1
278	3909	1
278	3945	1
278	3979	3
278	4499	1
278	4530	1
278	5665	1
278	5930	1
278	6078	1
278	6326	1
279	113	1
279	1733	1
279	2097	1
279	2930	1
279	4563	1
279	5539	1
279	5761	1
279	5969	1
280	303	1
280	489	1
280	524	1
280	525	1
280	567	1
280	686	1
280	824	1
280	1206	1
280	1929	1
280	2766	1
280	2918	1
280	2919	1
280	2952	1
280	2955	1
280	3372	1
280	3382	1
280	3649	1
280	3759	1
280	3909	2
280	3938	1
280	3944	1
280	3979	12
280	3980	1
280	4109	1
280	4116	2
280	4146	1
280	4154	1
280	4156	1
280	4179	1
280	4290	1
280	4306	1
280	4598	1
280	4691	1
280	4826	1
280	4909	1
280	5370	2
280	5464	1
280	5544	1
280	5612	1
280	5872	1
280	6196	1
280	6317	1
280	6320	1
280	6326	3
280	6330	1
280	6349	1
280	6366	1
280	6385	1
281	524	1
281	526	1
281	528	1
281	536	4
281	538	2
281	3979	1
281	6326	2
282	494	1
282	496	1
282	498	1
282	3979	1
282	3984	1
283	890	1
283	1093	1
283	1152	1
283	1367	1
283	3026	1
283	4052	1
283	4102	1
283	4687	1
283	4830	1
283	4887	1
283	5268	1
283	6078	1
283	6132	1
284	537	1
284	3979	3
284	3984	1
284	6326	2
285	14	1
285	2410	1
285	2742	1
285	2886	1
285	3481	1
285	4691	1
285	4733	1
285	4807	1
286	796	1
286	849	1
286	2464	1
286	2498	1
286	4116	1
286	4203	1
286	4205	1
286	4329	1
286	4409	1
286	4467	1
286	6004	1
287	890	1
287	1915	1
287	2009	1
287	2254	1
287	3376	1
287	5159	1
287	6326	2
288	386	1
288	998	1
288	3472	1
288	4178	1
288	4325	1
288	5836	1
289	354	1
289	2079	1
289	2097	9
289	3031	1
289	3979	1
289	4394	1
289	5930	1
290	2220	1
290	3979	1
290	4019	1
290	5756	1
290	6175	1
291	484	1
291	801	1
291	1392	1
291	3099	1
291	4007	1
291	4038	1
291	4752	1
291	5397	1
292	1741	1
292	4271	1
292	6043	1
292	6046	1
292	6325	1
293	888	1
293	1426	1
293	3363	1
293	4589	1
293	5889	1
293	6091	1
293	6385	1
294	558	1
294	804	1
294	806	1
294	884	1
294	2915	1
294	3070	1
294	3099	1
294	3368	1
294	3371	1
294	3987	1
294	4093	1
294	6091	1
295	293	1
295	379	1
295	438	1
295	534	1
295	731	1
295	776	1
295	795	1
295	969	1
295	1106	1
295	1177	1
295	1280	1
295	1689	1
295	2193	1
295	2252	1
295	2475	1
295	2544	1
295	2616	1
295	2878	1
295	3000	1
295	3014	1
295	3032	1
295	3200	1
295	3466	1
295	3526	1
295	3622	1
295	3632	1
295	3852	1
295	3864	1
295	4019	1
295	4054	1
295	4116	3
295	4209	1
295	4490	1
295	4532	1
295	4658	1
295	5206	1
295	5350	1
295	5520	1
295	5574	1
295	5721	1
295	5756	1
295	5811	2
295	5899	1
295	5901	1
295	5904	1
295	5926	1
295	6245	1
295	6261	1
295	6318	1
295	6356	1
295	6385	1
296	88	1
296	196	1
296	320	1
296	383	1
296	385	1
296	403	1
296	469	1
296	508	1
296	700	1
296	835	1
296	874	1
296	1063	1
296	1078	1
296	1359	1
296	1686	1
296	1808	1
296	1817	1
296	2084	1
296	2172	1
296	2260	1
296	2263	1
296	2305	1
296	2380	1
296	2423	1
296	2430	1
296	2440	1
296	2451	1
296	2497	1
296	2613	1
296	2818	1
296	3293	1
296	3752	1
296	4041	1
296	4046	1
296	4365	1
296	4522	1
296	4722	1
296	4803	1
296	4881	1
296	5027	1
296	5028	1
296	5034	1
296	5098	1
296	5126	1
296	5165	3
296	5181	1
296	5226	1
296	5243	1
296	5278	1
296	5281	1
296	5298	1
296	5304	2
296	5311	1
296	5387	1
296	5413	1
296	5414	1
296	5425	1
296	5481	1
296	5491	1
296	5515	1
296	5705	1
296	5735	1
296	5753	1
296	5784	4
296	5909	1
296	5912	1
296	5932	1
296	6131	1
296	6319	1
296	6374	1
297	321	1
297	2101	2
297	5064	1
297	5066	1
297	5930	1
297	6078	1
297	6326	1
298	1186	1
298	1915	1
298	2108	1
298	3405	1
298	4116	1
298	4148	1
298	4819	1
298	5397	1
298	5744	1
298	5924	1
299	1497	1
299	2298	1
299	2557	1
299	3961	1
299	5226	1
300	687	1
300	1417	1
300	2643	1
300	3405	1
300	3491	1
300	4305	1
300	4419	1
300	5753	1
300	5811	1
300	5847	1
301	37	1
301	1698	1
301	3011	1
301	3819	1
301	5764	1
301	5811	1
301	6385	1
302	40	1
302	71	1
302	2186	1
302	4276	1
302	4288	1
302	5144	1
302	5215	1
302	5407	1
303	150	1
303	202	1
303	558	1
303	636	1
303	837	2
303	1153	1
303	1232	1
303	1758	1
303	1997	1
303	2001	1
303	2007	1
303	2015	1
303	2050	1
303	2074	1
303	2090	1
303	2097	1
303	2098	2
303	2513	1
303	2532	1
303	2861	1
303	3134	1
303	3278	1
303	3768	1
303	3799	1
303	3845	1
303	3941	1
303	3946	1
303	3979	4
303	4416	1
303	4448	1
303	5064	1
303	5067	1
303	5443	1
303	5521	1
303	5660	1
303	5848	1
303	5922	1
303	6336	1
303	6384	1
304	657	1
304	2410	1
304	2650	1
304	5474	1
304	6113	1
305	850	1
305	2890	1
305	4248	1
305	4512	1
305	4534	1
305	4985	1
305	5784	1
305	6034	1
305	6214	1
306	831	1
306	3472	1
306	3984	1
306	4248	1
306	4353	1
307	2043	1
307	2459	1
307	2883	1
307	3094	1
307	3320	1
307	3451	1
307	4691	1
307	5574	1
308	2446	1
308	2925	1
308	3001	1
308	3043	1
309	560	1
309	3010	1
309	3784	1
309	4051	1
309	4566	1
310	145	1
310	151	1
310	222	1
310	264	1
310	376	1
310	442	1
310	470	1
310	538	1
310	550	1
310	641	1
310	666	1
310	770	1
310	797	1
310	1001	1
310	1072	1
310	1209	1
310	1210	1
310	1711	1
310	2158	1
310	2291	1
310	2409	1
310	2449	1
310	2534	1
310	2550	1
310	2621	1
310	2701	1
310	2704	1
310	3018	1
310	3056	1
310	3107	1
310	3129	1
310	3224	1
310	3398	1
310	3437	1
310	3492	1
310	3598	1
310	3614	1
310	3645	1
310	4087	1
310	4116	1
310	4203	1
310	4213	1
310	4217	1
310	4590	1
310	4602	1
310	4687	1
310	4691	1
310	4746	1
310	4759	1
310	4861	1
310	4866	1
310	4889	1
310	4905	1
310	5262	1
310	5283	1
310	5433	1
310	5618	1
310	5728	1
310	5788	1
310	5848	1
310	5856	1
310	6139	1
310	6218	1
310	6378	1
311	28	1
311	30	1
311	112	1
311	467	1
311	546	1
311	670	1
311	818	1
311	820	1
311	1138	1
311	1725	1
311	1729	1
311	2161	1
311	2621	1
311	2654	1
311	2956	1
311	3018	1
311	3069	1
311	3083	1
311	3102	1
311	3388	1
311	3437	1
311	3909	1
311	4050	1
311	4088	1
311	4116	1
311	4235	1
311	4249	1
311	4404	1
311	4561	1
311	4670	1
311	4691	1
311	4769	1
311	4932	1
311	4940	1
311	5813	1
311	6216	1
312	106	1
312	536	1
312	809	1
312	3964	1
312	3994	1
312	6154	1
313	899	1
313	2355	1
313	4108	1
313	6278	1
314	418	1
314	890	1
314	1161	1
314	2698	1
314	3306	1
314	5043	1
315	1965	1
315	2097	1
315	2461	1
315	2932	1
315	3131	1
316	429	1
316	890	1
316	1309	1
316	1338	1
316	1837	1
316	2643	1
316	3043	1
316	3267	1
316	3450	1
316	3614	1
316	4051	1
316	4108	1
316	4691	1
316	5479	1
316	6031	1
316	6226	1
317	152	1
317	287	1
317	452	1
317	464	1
317	2179	1
317	2396	1
317	2739	1
317	2880	1
317	3220	1
317	4503	1
317	4642	1
317	5165	1
318	538	1
318	798	1
318	805	1
318	1011	1
318	1198	1
318	1598	1
318	2314	1
318	2468	1
318	2672	1
318	3043	1
318	3073	1
318	3075	1
318	3334	1
318	3979	1
318	3984	1
318	4151	1
318	4282	1
318	4510	1
318	5254	1
318	5339	1
318	5410	1
318	5637	1
318	5649	1
318	5796	1
318	6063	1
318	6225	1
318	6339	1
318	6378	3
319	264	1
319	303	1
319	359	1
319	415	1
319	420	1
319	535	1
319	733	1
319	781	1
319	841	1
319	1305	1
319	1728	1
319	1732	1
319	1895	1
319	1998	1
319	2442	1
319	2545	1
319	2617	1
319	2824	1
319	2936	1
319	2956	1
319	3058	1
319	3098	1
319	3306	1
319	3386	1
319	3397	1
319	3946	1
319	3956	1
319	3979	3
319	4016	1
319	4282	1
319	4790	1
319	4920	1
319	4951	1
319	5063	1
319	5459	1
319	5479	1
319	5553	1
319	5629	1
319	5844	1
319	6168	1
319	6198	1
319	6326	2
319	6337	1
319	6378	1
320	149	1
320	261	1
320	384	1
320	639	1
320	655	1
320	733	1
320	761	1
320	776	1
320	781	1
320	980	1
320	1394	1
320	1402	1
320	2247	1
320	2409	1
320	3049	1
320	3054	1
320	3060	1
320	3083	1
320	3096	1
320	3437	1
320	3438	1
320	3585	1
320	3725	1
320	4235	1
320	4691	1
320	4819	1
320	4947	1
320	5433	1
320	5569	1
320	5624	1
320	5758	1
320	5778	1
320	5816	1
320	6245	1
320	6325	1
320	6378	1
321	869	1
321	1429	1
321	1587	1
321	2126	1
321	2355	1
321	2883	1
321	3071	1
321	3090	1
321	3097	1
321	3388	1
321	4691	2
321	4769	1
321	4847	1
321	4859	1
321	4879	1
321	5183	1
321	5272	1
321	5413	1
321	5618	1
321	5747	1
321	6239	1
321	6267	1
322	165	1
322	765	1
322	1309	1
322	1338	1
322	1789	1
322	2320	1
322	3068	1
322	3329	1
322	5481	1
322	5644	1
322	6168	1
322	6267	1
323	855	1
323	880	1
323	1093	1
323	1115	1
323	1632	1
323	1712	1
323	2524	1
323	2999	1
323	3052	1
323	3072	1
323	3089	1
323	3107	1
323	3210	1
323	3388	1
323	3460	1
323	3473	1
323	4030	1
323	4116	1
323	4119	1
323	4419	1
323	4543	1
323	4606	1
323	4769	1
323	4905	1
323	4940	1
323	5479	1
323	5515	1
323	5618	1
323	6218	1
323	6248	1
323	6249	1
323	6251	1
324	549	1
324	2091	1
324	2725	1
324	3204	1
324	3867	1
324	4082	1
324	4708	1
325	4156	1
325	4235	1
325	4376	1
325	4470	1
325	4769	1
326	266	1
326	536	1
326	2185	1
326	2782	1
326	3076	1
326	3091	1
326	3979	1
326	4116	1
326	4480	1
326	6320	1
327	173	1
327	2432	1
327	3458	1
327	3859	1
327	3979	1
327	5138	1
327	5975	1
327	6173	1
328	115	1
328	1108	1
328	1744	1
328	1999	1
328	2093	1
328	3440	1
328	4116	1
328	4235	1
328	4478	1
329	520	1
329	521	1
329	526	1
329	536	3
329	541	1
329	556	1
329	2015	1
329	3798	1
329	3927	1
329	3979	1
329	3984	1
329	5663	1
329	6326	3
329	6329	1
330	589	1
330	908	1
330	1169	1
330	1293	1
330	2629	1
330	3150	1
330	4116	1
330	4810	1
330	4933	1
330	6216	1
331	951	1
331	1747	1
331	2733	1
331	3098	1
331	5852	1
332	597	1
332	2822	1
332	3047	1
332	3099	1
332	3105	1
332	3110	1
332	3137	1
332	3643	1
332	3648	1
332	4687	1
332	4716	1
332	4819	1
332	5613	1
332	5840	1
332	5906	1
332	6192	1
333	102	1
333	119	1
333	192	1
333	513	1
333	519	1
333	536	1
333	558	1
333	580	1
333	595	1
333	596	1
333	679	1
333	729	1
333	761	3
333	762	1
333	763	1
333	783	1
333	799	1
333	1444	1
333	1540	1
333	1556	1
333	1660	1
333	1718	1
333	1727	1
333	1776	1
333	1915	2
333	2036	1
333	2064	1
333	2097	3
333	2201	1
333	2314	1
333	2411	1
333	2416	1
333	2478	1
333	2479	1
333	2523	1
333	2535	1
333	2949	1
333	2957	1
333	3048	1
333	3052	1
333	3069	1
333	3078	1
333	3085	1
333	3092	1
333	3098	1
333	3103	1
333	3109	1
333	3296	1
333	3390	1
333	3416	1
333	3421	1
333	3448	1
333	3563	1
333	3588	1
333	3589	1
333	3776	1
333	3899	1
333	3959	1
333	3979	6
333	3984	1
333	4036	1
333	4151	1
333	4475	1
333	5063	1
333	5216	1
333	5543	1
333	5582	1
333	5626	1
333	5631	1
333	5638	1
333	5755	1
333	5756	1
333	5784	1
333	5796	3
333	5797	1
333	5811	1
333	6063	1
333	6080	1
333	6180	2
333	6194	1
333	6293	1
333	6302	1
333	6305	1
333	6320	1
333	6326	2
333	6349	2
333	6378	3
333	6385	1
334	414	1
334	441	1
334	2469	1
334	3099	1
334	5846	1
335	2056	1
335	2473	1
335	2837	1
335	3163	1
335	3909	1
335	4432	1
335	5530	1
336	3868	1
336	3872	1
336	5165	1
336	5534	1
336	6378	1
337	11	1
337	152	1
337	205	1
337	473	1
337	653	1
337	1287	1
337	1302	1
337	1622	1
337	1750	1
337	2437	1
337	2961	1
337	6138	1
338	1263	1
338	2238	1
338	3220	1
338	4756	1
338	4864	1
338	4948	1
