0	264	1
0	2546	1
0	3539	1
0	5432	1
0	5998	1
0	6685	1
1	3113	1
1	5154	1
1	6114	1
1	7371	1
1	7491	1
1	7866	1
2	5677	1
3	7602	1
4	5785	1
4	6504	1
5	2728	1
6	6368	1
7	3669	1
8	120	1
8	3448	1
9	4585	1
10	4124	1
11	5931	1
12	6278	1
13	2675	1
13	3479	1
13	3721	1
13	3764	1
13	4060	1
13	4481	1
13	5581	1
13	6710	1
13	7167	1
13	7291	1
14	4682	1
15	2351	1
16	7134	1
17	6115	1
18	2325	1
18	3476	1
19	7659	1
20	70	1
21	2393	1
21	6135	1
22	6480	1
23	4224	1
24	6543	1
25	7717	1
26	4281	1
27	4296	1
28	6882	1
29	7870	1
30	3402	1
30	3478	1
30	3959	1
30	4980	1
30	5681	1
30	6172	1
30	6896	1
31	4283	1
31	7079	1
32	2019	1
32	3449	1
33	6414	1
34	5864	1
34	7197	1
35	2105	1
35	3735	1
35	7079	1
36	4572	1
37	2697	1
37	3055	1
37	3181	1
37	7022	1
38	5167	1
39	2563	1
40	117	1
40	7088	1
40	7660	1
41	5747	1
42	7897	1
43	7718	1
44	360	1
44	7172	1
45	2306	1
46	3612	1
46	5134	1
47	3478	1
47	4278	1
47	4506	1
47	5954	1
48	3406	1
49	2284	1
50	618	1
51	2362	1
52	1927	1
53	2377	1
53	4253	1
54	6513	1
54	7383	1
55	7474	1
56	3945	1
57	6878	1
58	3479	1
59	6878	1
60	64	1
60	4405	1
61	4591	1
61	6200	1
61	7236	1
62	797	1
62	5630	1
63	5165	1
64	264	1
65	4334	1
66	6108	1
67	4282	1
68	618	1
68	2826	1
68	3166	1
68	4889	1
68	5007	1
68	6896	1
68	7567	1
68	7829	1
68	7868	1
69	4483	1
70	5239	1
71	2480	1
71	7598	1
72	66	1
72	114	1
72	312	1
72	368	1
72	2027	1
72	2167	1
72	2372	1
72	4611	1
72	5689	1
72	6134	1
72	6143	1
72	7159	1
72	7363	1
72	7379	1
72	7788	1
73	57	1
73	632	1
73	2436	1
73	7581	1
73	7602	1
74	3750	1
75	3052	1
76	3519	1
77	7779	1
78	7815	1
79	5496	1
80	2227	1
81	5292	1
82	4378	1
82	6005	1
83	5126	1
84	5195	1
84	7659	1
85	4723	1
86	6943	1
87	2392	1
87	2397	1
87	3754	1
88	5784	1
89	150	1
90	7079	1
91	7491	1
92	532	1
93	6005	1
93	6926	1
94	497	1
95	7804	1
96	5668	1
96	5773	1
97	6046	1
98	2133	1
98	5143	1
98	7110	1
99	155	1
100	7718	1
101	4549	1
101	5455	1
101	7763	1
102	6396	1
103	7079	1
103	7581	1
104	7602	1
105	6047	1
106	4152	1
107	3102	1
108	2342	1
109	65	1
109	131	1
109	178	1
109	874	1
109	925	1
109	1145	1
109	1996	1
109	2014	1
109	2150	1
109	2284	1
109	2838	1
109	2849	1
109	2861	1
109	3155	1
109	3417	1
109	3535	1
109	3634	1
109	3764	2
109	3859	1
109	4053	1
109	4092	1
109	4096	1
109	4214	1
109	4237	1
109	4488	1
109	4879	1
109	5899	1
109	5942	1
109	5976	1
109	6628	1
109	6981	1
109	7156	1
109	7313	1
109	7696	1
109	7705	1
109	7845	1
109	7870	1
109	7897	1
110	3030	1
110	5774	1
110	6698	1
110	7870	1
111	6975	1
112	506	1
112	3676	1
112	4953	1
112	7474	1
113	4536	1
114	4277	1
115	4632	1
116	7008	1
117	4273	1
118	7602	1
119	3959	1
120	44	1
121	715	1
122	6521	1
123	2365	1
124	170	1
124	2342	1
124	3204	1
124	7276	1
125	2524	1
126	2476	1
127	4010	1
127	6396	1
128	3520	1
129	5622	1
130	4297	1
131	3764	1
131	4200	1
131	6975	1
132	2015	1
132	7860	1
133	5239	1
134	4429	1
135	51	1
136	232	1
137	7443	1
138	3425	1
139	250	1
139	2838	1
139	7079	1
140	139	1
140	178	1
140	192	1
140	2819	1
140	3388	1
140	6120	1
140	6346	1
140	6474	1
140	7258	1
140	7602	1
140	7699	1
141	6569	1
142	4090	1
142	4181	1
142	5137	1
143	20	1
143	2510	1
144	52	1
144	4726	1
144	7409	1
144	7799	1
145	5324	1
146	5672	1
146	5989	1
147	3015	1
147	3764	1
147	4419	1
147	7498	1
147	7838	1
148	4214	1
149	3612	1
150	125	1
151	266	1
152	5439	1
153	7118	1
153	7659	1
154	4603	1
155	7602	1
156	4713	1
156	4745	1
156	5521	1
156	5894	1
156	6771	1
157	5328	1
158	3169	1
158	4532	1
158	4746	1
158	5736	1
158	5800	1
158	6341	1
158	7409	1
159	3798	1
160	251	1
160	5937	1
160	6031	1
161	2800	1
162	75	1
162	6333	1
162	7822	1
163	163	1
164	3257	1
165	3520	1
166	4186	1
167	5370	1
167	5685	1
168	59	1
168	78	1
168	2403	1
168	5325	1
168	5774	1
168	6045	1
168	6335	1
168	7376	1
169	4440	1
169	7115	1
170	5139	1
170	6289	1
171	3557	1
172	4984	1
173	215	1
173	1395	1
173	3893	1
173	4122	1
173	5349	1
173	5796	1
173	7098	1
173	7787	1
174	96	1
174	203	1
174	224	1
174	3029	1
174	3112	1
174	3432	1
174	3666	1
174	5522	1
174	6907	1
175	1642	1
176	2244	1
177	2784	1
177	3672	1
177	7825	1
178	3538	1
178	3764	1
178	6352	1
179	2944	1
180	5950	1
181	6466	1
182	198	1
182	6321	1
182	6922	1
183	5175	1
184	3459	1
185	3478	1
185	7121	1
186	7736	1
187	4982	1
188	6711	1
189	6362	1
190	5689	1
191	118	1
191	3081	1
192	2377	1
193	6396	1
194	5464	1
195	136	1
195	3395	1
196	5442	1
197	152	1
197	2377	1
197	3911	1
197	4718	1
197	5183	1
197	6594	1
197	7793	1
198	5718	1
199	2861	1
199	3166	1
200	4391	1
200	5720	1
201	4284	1
202	6333	1
203	1150	1
203	6192	1
204	4625	1
205	183	1
206	7317	1
207	3179	1
208	4021	1
209	92	1
210	3053	1
210	3732	1
210	4340	1
211	5472	1
212	4905	1
213	3764	1
213	5102	1
214	6939	1
215	113	1
215	817	1
215	6368	1
216	7097	1
217	7568	1
218	113	1
218	5459	1
218	6963	1
219	3251	1
220	6108	1
221	2165	1
221	3416	1
221	3840	1
221	7260	1
221	7791	1
222	3945	1
223	5459	1
224	1463	1
225	7922	1
226	4824	1
227	7258	1
228	6005	1
229	242	1
230	5466	1
231	2386	1
232	3057	1
233	7659	1
234	4471	1
235	6703	1
236	126	1
237	197	1
237	359	1
237	2013	1
237	2034	1
237	4381	1
237	4708	1
237	5434	1
237	5561	1
237	5678	1
237	5714	1
237	6450	1
237	6744	1
237	7206	1
237	7363	1
237	7565	1
237	7916	1
238	7363	1
239	3438	1
240	6586	1
240	7543	1
241	4293	1
241	5391	1
242	204	1
242	6414	1
243	7679	1
244	3696	1
245	3945	1
246	5428	1
246	7108	1
247	736	1
248	5447	1
248	6079	1
249	5774	1
250	3388	1
251	2500	1
251	7078	1
252	2372	1
252	6845	1
252	7002	1
253	3988	1
254	2234	1
255	3744	1
255	4060	1
255	4605	1
255	5773	1
256	7473	1
257	6698	1
258	3478	1
259	41	1
260	7030	1
261	6976	1
262	3687	1
263	7022	1
264	6005	1
264	7859	1
265	3367	1
266	2861	1
267	5355	1
268	153	1
268	5566	1
269	6517	1
270	893	1
270	2105	1
270	7352	1
270	7861	1
271	7380	1
272	25	1
272	2353	1
272	2390	1
272	2557	1
272	3010	1
272	3943	1
272	4213	1
272	4386	1
272	7079	1
272	7736	1
272	7890	1
273	7121	1
274	3099	1
275	7266	1
276	6259	1
277	5326	1
278	5681	1
279	5618	1
279	6747	1
280	430	1
281	1670	1
282	5251	1
283	285	1
283	323	1
283	2897	1
283	3081	1
283	3293	1
283	3691	1
283	5190	1
283	5755	1
283	7079	1
283	7410	1
283	7686	1
283	7706	1
284	6567	1
285	4220	1
285	5416	1
285	6906	1
286	6332	1
287	7161	1
288	7602	1
289	6200	1
290	4745	1
291	375	1
291	7602	1
291	7625	1
292	195	1
293	3234	1
294	3298	1
295	281	1
296	5557	1
297	5100	1
297	7819	1
298	5883	1
299	7079	1
300	3251	1
300	6749	1
301	3217	1
302	2305	1
303	72	1
303	6951	1
304	7706	1
305	6241	1
306	5989	1
307	6779	1
308	5326	1
309	5815	1
310	6471	1
311	7179	1
312	4125	1
312	5681	1
313	6943	1
314	4362	1
314	5436	1
314	5517	1
314	6101	1
315	4381	1
316	7161	1
317	5326	1
318	6437	1
318	6452	1
319	1899	1
320	6101	1
321	2297	1
321	6301	1
322	501	1
323	7211	1
324	4767	1
324	7477	1
325	198	1
326	2150	1
327	3071	1
327	3595	1
327	6201	1
327	6491	1
327	6697	1
327	7077	1
327	7365	1
328	2654	1
329	4718	1
330	5469	1
331	132	1
332	3150	1
333	7447	1
334	111	1
335	4604	1
336	7169	1
337	2105	1
338	7393	1
339	7491	1
340	5074	1
340	5341	1
340	5965	1
340	6827	1
341	7363	1
342	2276	1
342	4118	1
343	7105	1
344	3311	1
345	6329	1
346	4768	1
347	187	1
347	7496	1
348	2051	1
349	7711	1
350	6115	1
351	198	1
352	2534	1
353	5842	1
354	217	1
355	5521	1
356	412	1
357	142	1
358	7888	1
359	5773	1
360	1029	1
361	33	1
361	201	1
361	223	1
361	3216	1
361	5594	1
361	6480	1
361	6815	1
361	7823	1
362	5378	1
363	7870	1
364	3764	1
364	6943	1
365	6862	1
366	6271	1
367	7787	1
368	3527	1
369	176	1
369	3666	1
370	4605	1
371	5643	1
372	5643	1
373	4148	1
374	5822	1
375	4726	1
376	2826	1
377	7738	1
378	7275	1
379	2497	1
379	3527	1
379	7776	1
380	3764	1
381	1263	1
381	2011	1
381	2099	1
381	2725	1
381	2904	1
381	3418	1
381	3551	1
381	4249	1
381	4626	1
381	4769	1
381	6694	1
381	6754	1
381	6828	1
381	6896	1
381	7371	1
381	7706	1
381	7715	1
381	7834	1
381	7862	1
382	262	1
383	2614	1
384	7802	1
385	59	1
386	6554	1
387	3764	1
387	7255	1
388	4696	1
389	7822	1
390	33	1
391	7363	1
392	5899	1
393	1	1
393	3266	1
393	3932	1
394	6240	1
395	3480	1
396	2027	1
397	1607	1
397	1658	1
397	1850	1
397	1936	1
397	2444	1
397	7706	1
398	7602	1
399	5135	1
400	7203	1
401	6824	1
402	4928	1
403	5259	1
403	7626	1
404	6049	1
404	6998	1
405	4501	1
406	5307	1
407	7436	1
408	5439	1
409	6937	1
410	2832	1
410	5755	1
411	111	1
411	4656	1
412	6943	1
413	5539	1
414	358	1
414	5130	1
414	5743	1
415	7602	1
416	202	1
417	3491	2
418	3075	1
419	2332	1
420	7002	1
421	1993	1
421	3866	1
422	7526	1
423	5678	1
424	3901	1
425	2180	1
426	7497	1
427	5786	1
428	6906	1
429	4372	1
430	248	1
431	7805	1
432	491	1
433	2115	1
433	2851	1
433	7602	1
434	3217	1
434	5657	1
434	7706	1
435	6943	1
436	6537	1
437	2610	1
437	3363	1
437	5584	1
437	5910	1
437	7604	1
437	7779	1
437	7787	1
438	5055	1
438	5989	1
438	7109	1
439	3764	1
440	7188	1
441	6726	1
441	7491	1
442	5952	1
443	6776	1
444	6958	1
445	7864	1
446	5672	1
447	6135	1
448	4357	1
449	2338	1
450	5247	1
450	7443	1
451	7491	1
452	2861	1
453	2605	1
453	2663	1
453	3205	1
453	4183	1
453	5157	1
453	5248	1
453	5611	1
453	5654	1
454	4824	1
455	108	1
456	2250	1
456	3558	1
457	5349	1
457	5423	1
458	340	1
459	368	1
460	7550	1
461	7799	1
462	7508	1
463	7540	1
464	5790	1
465	72	1
466	7183	1
467	2644	1
468	139	1
469	6014	1
469	7656	1
470	200	1
471	4928	1
472	6703	1
473	2675	1
474	7723	1
475	4286	1
475	6529	1
476	2364	1
477	2861	1
478	175	1
478	2067	1
478	2698	1
478	3293	1
478	3748	1
478	3994	1
478	5123	1
478	5307	1
478	5852	1
478	6896	1
478	7153	1
479	5239	1
480	7708	1
481	6306	1
482	3331	1
482	3864	1
482	5960	1
482	6181	1
482	7188	1
482	7467	1
482	7756	1
483	309	1
484	5989	1
485	3994	1
485	7030	1
485	7824	1
486	2853	1
487	2674	1
488	5385	1
489	7423	1
490	5777	1
491	7734	1
492	4721	1
493	2777	1
493	4368	1
493	6202	1
493	6852	1
493	7050	1
494	4504	1
495	5504	1
495	6886	1
496	5919	1
497	5132	1
498	5574	1
499	5654	1
500	7849	1
501	133	1
502	2019	1
503	4122	1
504	1674	1
505	6744	1
506	2284	1
506	3627	1
507	2027	1
508	7565	1
509	7208	1
510	2654	1
511	373	1
512	5596	1
512	7143	1
512	7612	1
513	100	1
514	2019	1
515	6027	1
516	7036	1
517	1190	1
518	6568	1
519	6027	1
520	4334	1
520	6162	1
521	5063	1
522	1380	1
523	6338	1
524	6050	1
525	3466	1
525	4638	1
525	5896	1
525	7663	1
526	2377	1
527	411	1
528	7263	1
529	4873	1
530	2509	1
530	3015	1
530	3696	1
530	3697	1
531	5431	1
532	3970	1
533	770	1
533	5948	1
533	7858	1
534	1629	1
535	2436	1
536	6597	1
537	82	1
537	7439	1
538	7665	1
539	104	1
539	2109	1
540	6809	1
541	4683	1
542	920	1
543	4008	1
544	218	1
545	278	1
545	497	1
545	2005	1
545	3113	1
545	3190	1
545	3764	1
545	4226	1
545	4495	1
545	4984	1
545	6341	1
545	6624	1
545	7689	1
546	331	1
546	357	1
546	2382	1
546	3478	1
546	3531	1
546	3981	1
546	4363	1
546	4682	2
546	5185	1
546	5611	1
546	5906	1
546	6017	1
546	6752	1
546	7260	1
546	7287	1
546	7338	1
546	7602	2
546	7628	1
547	6458	1
548	7555	1
549	6090	1
550	3590	1
551	7467	1
552	7602	1
553	3216	1
554	1537	1
555	2720	1
556	7313	1
557	4432	1
558	2472	1
559	4161	1
559	6875	1
560	7279	1
561	5349	1
562	7659	1
563	4504	1
564	6346	1
565	2490	1
566	3510	1
567	5286	1
567	7791	1
568	5434	1
569	3815	1
570	830	1
570	6938	1
571	7535	1
572	3182	1
573	2861	1
574	4691	1
575	2940	1
576	2501	1
577	6981	1
578	4837	1
579	6285	1
580	591	1
581	7560	1
581	7694	1
582	1010	1
582	5922	1
583	6926	1
584	7447	1
585	5427	1
586	3519	1
587	1239	1
588	4945	1
589	129	1
590	273	1
590	1022	1
590	2576	1
590	3641	1
590	4075	1
590	5355	1
590	6156	1
590	6379	1
590	7336	1
590	7696	1
591	281	1
591	2861	1
591	3361	1
591	7139	1
592	380	1
592	5434	1
592	5914	1
592	6145	1
592	7022	1
593	263	1
594	5635	1
595	7602	1
596	6234	1
597	4942	1
598	4186	1
599	1039	1
599	3461	1
600	5930	1
600	6896	1
601	2521	1
602	5221	1
603	2543	1
604	1909	1
604	4088	1
604	4771	1
605	854	1
605	3015	1
605	4064	1
605	4854	1
605	5718	1
605	6968	1
606	5787	1
606	7207	1
607	7731	1
608	4943	1
608	5169	1
609	6896	1
610	4076	1
611	6245	1
612	7910	1
613	63	1
613	2237	1
613	2904	1
613	2989	1
613	3001	1
613	3130	1
614	2668	1
615	6896	1
616	7467	1
617	7803	1
618	4944	1
619	6382	1
619	6832	1
620	306	1
620	2823	1
621	4276	1
621	4783	1
621	5493	1
622	7499	1
623	5386	1
624	5690	1
625	6478	1
626	3764	1
627	5317	1
628	4480	1
629	2853	1
629	5330	1
629	5635	1
630	1853	1
630	2232	1
630	2740	1
630	4301	1
630	6827	1
630	7723	1
631	6692	1
632	49	1
633	4147	1
633	6141	1
633	7317	1
634	2327	1
635	634	1
636	4431	1
637	1496	1
637	5321	1
638	2338	1
638	7605	1
639	4896	1
640	5418	1
641	4027	1
641	4278	1
641	5432	1
641	7473	1
642	572	1
643	2766	1
643	2861	1
643	3007	1
643	4177	1
644	7077	1
645	7126	1
646	7139	1
647	2363	1
648	4354	1
649	6419	1
650	5238	1
651	2844	1
652	4750	1
652	5147	1
653	459	1
654	2058	1
655	884	1
656	7242	1
656	7776	1
657	2829	1
658	3015	1
659	2559	1
659	4018	1
660	1244	1
660	2288	1
660	2580	1
660	5832	1
660	7315	1
660	7485	1
661	41	1
661	314	1
661	2550	1
662	3584	1
663	3363	1
663	4090	1
664	2066	1
665	4060	1
666	7819	1
667	3478	1
667	6804	1
668	3204	1
668	5736	1
668	7023	1
668	7763	1
669	589	1
670	7815	1
671	4418	1
672	4817	1
672	6768	1
673	7690	1
674	4318	1
675	1659	1
676	3967	1
677	6368	1
678	1001	1
678	6162	1
679	3493	1
680	179	1
681	2282	1
681	3764	1
681	6204	1
682	5411	1
683	3979	1
684	207	1
685	2331	1
686	4648	1
687	6491	1
688	338	1
688	2025	1
688	4725	1
689	5009	1
690	7079	1
691	2907	1
691	4769	1
691	6768	1
692	2067	1
693	7310	1
694	136	1
694	3598	1
695	193	1
696	7825	1
697	2314	1
698	1533	1
699	3701	1
700	365	1
701	3234	1
702	4692	1
703	2881	1
704	7447	1
705	6005	1
706	6204	1
707	6039	1
708	7694	1
709	6210	1
710	4519	1
710	6896	1
711	336	1
711	3236	1
711	4902	1
712	2711	1
713	2542	1
714	2009	1
715	3623	1
716	7868	1
717	4253	1
718	1389	1
719	5313	1
720	2377	1
720	7574	1
721	7661	1
722	3171	1
723	4576	1
723	6120	1
724	2651	1
725	4045	1
726	626	1
726	5500	1
726	5689	1
726	6240	1
726	7278	1
726	7802	1
727	4770	1
728	168	1
729	2304	1
730	7320	1
731	5006	1
732	2563	1
733	345	1
734	2853	1
734	2904	1
734	6179	1
735	2304	1
736	4454	1
737	4948	1
738	7815	1
739	344	1
740	4183	1
741	3911	1
741	6290	1
741	7408	1
742	3517	1
743	6989	1
744	308	1
745	7364	1
746	6491	1
747	2530	1
748	447	1
749	2584	1
750	7345	1
751	2966	1
752	2542	1
753	4919	1
754	2677	1
755	718	1
756	6922	1
757	61	1
757	89	1
757	446	1
757	735	1
757	2609	1
757	2633	1
757	3236	1
757	3614	1
757	3930	1
757	4341	1
757	5520	1
757	5779	1
757	6491	1
757	6589	1
757	6634	1
757	7262	1
757	7363	1
757	7409	1
757	7539	1
757	7552	1
757	7825	1
758	7128	1
759	6449	1
760	3019	1
760	3679	1
760	3764	1
760	5899	1
760	6103	1
760	7188	1
760	7720	1
761	2725	1
762	5989	1
763	7422	1
764	4816	1
765	1269	1
765	4043	1
766	2235	1
767	7581	1
768	303	1
769	3478	1
770	4559	1
771	7091	1
772	2539	1
773	2238	1
774	176	1
775	417	1
775	4224	1
776	455	1
777	6365	1
778	7287	1
779	6256	1
780	3600	1
781	2681	1
782	2384	1
783	6494	1
784	7799	1
785	7925	1
786	4611	1
786	6918	1
787	1944	1
788	6006	1
789	4518	1
790	6729	1
791	5892	1
792	5125	1
793	2326	1
794	2305	1
795	330	1
795	1088	1
795	1146	1
795	1948	1
795	1957	1
795	2095	1
795	2567	1
795	2583	1
795	2602	1
795	2605	1
795	2678	1
795	2861	2
795	3041	1
795	3365	1
795	3728	1
795	3898	1
795	4010	1
795	4168	1
795	4459	1
795	4627	1
795	5385	1
795	5810	1
795	6181	1
795	6283	1
795	6896	1
795	7005	1
796	6333	1
797	330	1
798	987	1
799	569	1
800	6044	1
801	2856	1
802	3463	1
802	3911	1
803	281	1
804	6826	1
805	4136	1
805	7659	1
806	460	1
807	508	1
808	7157	1
809	3419	1
810	2779	1
810	4001	1
810	4762	1
810	6910	1
810	6971	1
810	7699	1
811	3438	1
812	7603	1
813	5800	1
814	3652	1
815	6692	1
816	4350	1
817	859	1
818	7504	1
819	7451	1
820	5747	1
821	6678	1
822	6379	1
823	6708	1
824	2974	1
825	362	1
826	6883	1
827	361	1
828	5788	1
829	7079	1
830	3306	1
831	290	1
832	2919	1
833	2113	1
834	5942	1
835	3894	1
836	523	1
837	3727	1
838	5801	1
839	1189	1
840	702	1
840	7159	1
841	827	1
842	305	1
843	6257	1
843	6734	1
843	7806	1
844	326	1
844	2861	1
844	4214	1
845	2377	1
845	5191	1
845	6344	1
846	6384	1
847	2619	1
847	3193	1
847	6091	1
847	7581	1
848	3633	1
849	7702	1
850	7286	1
851	2739	1
851	5441	1
852	3110	1
852	4760	1
853	4700	1
854	5096	1
855	5600	1
856	2323	1
857	1621	1
858	4581	1
858	5901	1
859	3672	1
859	4012	1
859	7811	1
860	735	1
860	3669	1
860	7172	1
861	7819	1
862	3344	1
862	3764	1
862	4996	1
863	6901	1
864	522	1
864	3614	1
864	6622	1
865	5096	1
866	7146	1
866	7173	1
867	5349	1
868	7387	1
869	3254	1
870	3764	1
871	5627	1
872	7371	1
873	7744	1
874	6020	1
875	577	1
875	1625	1
875	4202	1
875	5011	1
875	6222	1
876	3233	1
877	7283	1
878	6894	1
879	2904	1
880	319	1
881	7721	1
882	7291	1
883	5247	1
883	7079	1
884	566	1
885	1906	1
885	2599	1
885	7826	1
886	2856	1
887	4546	1
888	3191	1
889	3614	1
890	5035	1
891	456	1
891	2268	1
891	2608	1
891	2843	1
891	4437	1
891	5273	1
891	5381	1
891	7408	1
891	7629	1
891	7825	1
892	5658	1
893	7726	1
894	3547	1
895	6956	1
896	879	1
897	460	1
897	3224	1
897	5005	1
897	5104	1
898	3098	1
898	4384	1
898	7247	1
899	3774	1
900	899	1
901	7931	1
902	7602	1
903	2739	1
904	254	1
905	744	1
906	6396	1
907	350	1
908	6594	1
909	1612	1
910	7799	1
911	4529	1
912	5796	1
913	2847	1
914	7798	1
915	3290	1
915	6717	1
915	7542	1
916	6705	1
917	118	1
918	7904	1
919	5779	1
920	102	1
921	5880	1
922	1810	1
923	2870	1
924	772	1
925	140	1
926	6903	1
927	2328	1
928	415	1
929	2662	1
930	6633	1
931	7021	1
932	3152	1
932	6424	1
933	151	1
934	7602	1
935	3389	1
935	7714	1
936	5723	1
937	5688	1
938	7581	1
939	7169	1
940	760	1
941	6120	1
942	6148	1
943	3725	1
944	361	1
945	2392	1
946	2919	1
947	5188	1
947	6813	1
948	7260	1
949	7659	1
950	2778	1
951	2927	1
952	2539	1
953	6896	1
954	2340	1
955	5392	1
955	7008	1
956	4120	1
957	7816	1
958	5611	1
959	307	1
960	4442	1
961	6545	1
962	3566	1
963	3004	1
964	7451	1
965	5997	1
966	7699	1
966	7799	1
967	2807	1
967	2861	2
967	2935	1
967	3004	2
967	3116	1
967	3596	1
967	4313	1
967	4778	1
967	5392	1
967	6333	1
967	7079	1
968	841	1
969	7695	1
970	6318	1
971	4526	1
972	1896	1
973	2228	1
974	3092	1
974	7471	1
975	1616	1
976	4456	1
977	2086	1
978	4445	1
979	2609	1
980	7048	1
981	4757	1
982	5111	1
983	6629	1
984	5928	1
985	774	1
986	2961	1
987	2956	1
987	5341	1
988	47	1
988	7581	1
989	7271	1
990	2472	1
991	3248	1
992	6001	1
993	2501	1
994	460	1
995	2016	1
996	439	1
996	2881	1
997	7436	1
998	6735	1
999	6345	1
1000	6711	1
1001	6680	1
1002	1428	1
1003	588	1
1004	2377	1
1004	7734	1
1005	6108	1
1006	1764	1
1007	3034	1
1007	5611	1
1008	1838	1
1009	5464	1
1010	7046	1
1011	441	1
1012	7424	1
1013	498	1
1014	5223	1
1015	7679	1
1016	6017	1
1017	7547	1
1018	1623	1
1019	1438	1
1020	4313	1
1020	6791	1
1021	2247	1
1022	2861	1
1023	754	1
1024	2909	1
1024	2947	1
1024	3548	1
1024	3842	1
1024	3893	1
1024	4076	1
1024	4490	1
1024	4815	1
1024	6333	1
1025	6930	1
1026	4741	1
1027	419	1
1027	796	1
1027	4815	1
1027	6521	1
1028	2675	1
1028	3222	1
1028	3263	1
1028	4157	1
1028	4689	1
1028	4717	1
1028	5778	1
1028	6285	1
1028	6943	1
1028	7356	1
1029	2385	1
1030	512	1
1031	6835	1
1032	6541	1
1033	4074	1
1034	488	1
1035	7779	1
1036	387	1
1036	4437	1
1037	503	1
1038	3979	1
1038	4003	1
1038	4540	1
1038	6928	1
1038	6979	1
1038	7375	1
1038	7733	1
1039	2607	1
1040	6982	1
1041	7606	1
1042	1119	1
1043	627	1
1044	490	1
1045	2015	1
1045	4455	1
1046	7892	1
1047	6428	1
1047	6433	1
1048	2244	1
1049	904	1
1050	4405	1
1051	7800	1
1052	6134	1
1053	3516	1
1053	3595	1
1054	6090	1
1055	3711	1
1056	3764	1
1057	1213	1
1058	5609	1
1059	4966	1
1060	1619	1
1061	2232	1
1062	5139	1
1063	496	1
1064	5435	1
1065	3932	1
1066	4682	1
1067	3535	1
1068	6244	1
1069	525	1
1069	529	1
1069	4623	1
1069	5695	1
1069	6491	1
1069	7035	1
1070	478	1
1071	4874	1
1071	5340	1
1071	5373	1
1071	6108	1
1072	850	1
1073	7511	1
1074	252	1
1075	4643	1
1076	6979	1
1077	2795	1
1078	7855	1
1079	472	1
1080	5509	1
1081	6495	1
1081	7155	1
1081	7839	1
1082	7256	1
1083	2550	1
1084	6270	1
1085	755	1
1085	3935	1
1085	4899	1
1085	5063	1
1085	7007	1
1086	244	1
1086	4110	1
1087	7925	1
1088	4799	1
1088	7451	1
1089	3708	1
1089	7880	1
1090	6852	1
1091	7179	1
1092	1824	1
1093	6765	1
1094	2040	1
1094	6491	1
1095	7581	1
1096	2640	1
1097	1081	1
1098	2244	1
1099	4694	1
1100	6333	1
1101	1237	1
1102	2891	1
1103	784	1
1104	554	1
1105	5788	1
1105	6847	1
1106	616	1
1107	7570	1
1108	4472	1
1109	1104	1
1110	2795	1
1111	7811	1
1112	3906	1
1113	5149	1
1114	280	1
1115	5080	1
1116	4265	1
1116	5661	1
1116	6601	1
1116	7830	1
1116	7914	1
1117	1667	1
1117	2087	1
1118	6629	1
1119	399	1
1120	7410	1
1121	5981	1
1122	4731	1
1123	2873	1
1124	2491	1
1124	3749	1
1125	429	1
1126	2988	1
1127	5588	1
1128	445	1
1129	5460	1
1130	4725	1
1131	2232	1
1132	260	1
1133	2376	1
1134	5565	1
1135	3599	1
1136	6646	1
1137	3785	1
1138	5079	1
1139	5984	1
1140	7286	1
1141	3163	1
1141	3316	1
1141	4348	1
1142	6555	1
1143	2944	1
1143	3383	1
1143	3513	1
1143	4042	1
1143	4197	1
1143	5718	1
1143	7323	1
1144	4954	1
1145	6150	1
1146	4279	1
1146	6506	1
1147	6368	1
1148	3236	1
1149	4326	1
1150	5689	1
1151	6590	1
1152	3516	1
1153	2700	1
1154	7405	1
1155	6890	1
1156	4408	1
1157	7838	1
1158	5943	1
1159	4692	1
1160	6868	1
1161	4541	1
1162	1969	1
1163	712	1
1163	2053	1
1163	3365	1
1163	3764	1
1163	4025	1
1163	4264	1
1163	5790	1
1163	7115	1
1163	7173	1
1163	7581	1
1163	7602	1
1164	7491	1
1164	7710	1
1165	2795	1
1166	7716	1
1167	7535	1
1168	7861	1
1169	6348	1
1170	3742	1
1170	3752	1
1170	3854	1
1170	6254	1
1170	6978	1
1170	7457	1
1171	7079	1
1172	7602	1
1173	58	1
1173	5272	1
1174	5899	1
1175	6783	1
1176	17	1
1176	312	1
1176	599	1
1176	2999	1
1176	3446	1
1176	7303	1
1177	707	1
1178	3321	1
1179	6957	1
1180	394	1
1181	5960	1
1182	7026	1
1183	4181	1
1184	5434	1
1185	7055	1
1186	3527	1
1187	6396	1
1188	3646	1
1189	7843	1
1190	5361	1
1191	468	1
1191	5759	1
1191	7886	1
1192	796	1
1192	1263	1
1192	2709	1
1192	2867	1
1192	3394	1
1192	4055	1
1192	4237	1
1192	6240	2
1192	6654	1
1192	6661	1
1192	7438	1
1192	7482	1
1193	6934	1
1194	7734	1
1195	5966	1
1196	3508	1
1196	7602	1
1196	7755	1
1197	1224	1
1197	5186	1
1197	7712	1
1198	6357	1
1199	1653	1
1200	4718	1
1201	3865	1
1201	7602	1
1202	2088	1
1203	6308	1
1204	1512	1
1205	5817	1
1206	7876	1
1207	6067	1
1207	6086	1
1208	3250	1
1209	7385	1
1210	4377	1
1211	7581	1
1212	3764	1
1213	449	1
1213	6104	1
1214	5779	1
1215	7861	1
1216	5778	1
1217	1564	1
1218	2108	1
1219	5530	1
1219	7679	1
1220	2272	1
1221	6537	1
1222	5172	1
1223	404	1
1223	3294	1
1224	409	1
1225	3646	1
1225	4888	1
1225	5349	1
1226	3394	1
1227	4583	1
1228	3587	1
1229	3456	1
1230	3627	1
1231	5245	1
1232	1990	1
1232	2461	1
1232	4252	1
1232	5850	1
1232	7908	1
1233	669	1
1233	2125	1
1233	4048	1
1233	4385	1
1233	7310	1
1234	7581	1
1235	4278	1
1235	7338	1
1236	1763	1
1237	7307	1
1238	7511	1
1239	7327	1
1240	7602	1
1241	500	1
1241	614	1
1241	2542	1
1241	4480	1
1242	4500	1
1242	7085	1
1243	4400	1
1244	2244	1
1245	6806	1
1246	3990	1
1246	4364	1
1246	4456	1
1246	7079	1
1246	7781	1
1246	7842	1
1247	6568	1
1248	3652	1
1249	7653	1
1250	7079	1
1251	605	1
1252	6938	1
1253	2533	1
1254	3196	1
1255	3094	1
1256	800	1
1257	535	1
1258	6210	1
1259	5797	1
1260	4870	1
1260	7435	1
1261	3915	1
1261	4398	1
1262	2122	1
1263	7687	1
1264	7611	1
1265	5892	1
1266	584	1
1267	2958	1
1268	5635	1
1269	4216	1
1270	3446	1
1271	4799	1
1272	6195	1
1273	7516	1
1274	7245	1
1275	7651	1
1276	6363	1
1277	2594	1
1278	3652	1
1279	645	1
1280	5945	1
1281	7816	1
1282	6605	1
1283	6157	1
1284	7722	1
1285	7169	1
1285	7378	1
1286	7183	1
1287	2865	1
1288	4349	1
1289	3870	1
1290	4214	1
1290	7098	1
1291	7601	1
1292	5563	1
1293	7894	1
1294	6417	1
1295	2085	1
1295	2639	1
1296	1788	1
1296	2840	1
1296	3283	1
1296	3349	1
1296	3365	1
1296	6188	1
1296	6555	1
1296	7706	1
1297	7310	1
1298	4933	1
1299	5971	1
1300	2453	1
1300	4242	1
1300	7799	1
1301	7025	1
1302	6902	1
1303	4596	1
1304	1303	1
1304	3333	1
1305	5434	1
1306	7223	1
1307	3735	1
1308	6317	1
1309	6543	1
1310	4420	1
1311	203	1
1312	4249	1
1313	903	1
1314	2033	1
1315	7806	1
1316	3336	1
1317	3282	1
1318	766	1
1319	1274	1
1320	5276	1
1321	3395	1
1321	4716	1
1321	5429	1
1321	7915	1
1322	3419	1
1323	6138	1
1323	7174	1
1324	409	1
1325	2110	1
1326	2379	1
1327	3764	1
1328	6219	1
1329	4841	1
1330	2904	1
1331	7079	1
1332	7128	1
1333	7459	1
1334	4862	1
1335	2218	1
1336	794	1
1336	3684	1
1337	6284	1
1337	7799	1
1338	2771	1
1338	3639	1
1338	7922	1
1339	7686	1
1340	4554	1
1341	4152	1
1342	6487	1
1343	907	1
1344	870	1
1345	1014	1
1345	1218	1
1346	6748	1
1347	2148	1
1347	5644	1
1348	7093	1
1348	7172	1
1349	2904	1
1350	3049	1
1351	2493	1
1352	2445	1
1352	3446	1
1352	5989	1
1353	6788	1
1354	2375	1
1355	693	1
1356	6953	1
1357	4078	1
1357	6487	1
1357	7299	1
1358	4722	1
1359	6918	1
1360	6521	1
1361	7239	1
1362	6816	1
1363	6056	1
1364	4827	1
1365	4977	1
1366	4733	1
1367	7667	1
1368	3869	1
1368	7852	1
1369	7595	1
1370	1216	1
1370	2522	1
1370	5744	1
1370	6706	1
1370	7336	1
1370	7914	1
1371	4060	1
1372	4758	1
1373	5725	1
1374	4489	1
1375	31	1
1376	3491	1
1377	5114	1
1378	6407	1
1379	4605	1
1380	3822	1
1381	4237	1
1382	4599	1
1383	3321	1
1384	6129	1
1385	6545	1
1386	890	1
1387	7172	1
1388	3609	1
1389	7541	1
1390	2566	1
1390	3136	1
1390	5977	1
1391	3285	1
1391	3307	1
1392	1987	1
1392	2336	1
1392	3275	1
1392	3374	1
1392	3936	1
1392	5661	1
1392	6545	1
1392	7010	1
1392	7324	1
1392	7451	1
1392	7706	1
1393	7368	1
1394	7476	1
1395	758	1
1395	3831	1
1395	6785	1
1396	376	1
1397	5440	1
1397	7233	1
1397	7714	1
1398	3111	1
1399	5817	1
1400	6521	1
1401	189	1
1402	2377	1
1402	6919	1
1402	7334	1
1403	7528	1
1404	2835	1
1405	2709	1
1406	2037	1
1407	3321	1
1408	2377	1
1409	6535	1
1410	815	1
1411	7512	1
1412	2207	1
1412	6008	1
1413	2448	1
1413	3117	1
1413	3764	1
1413	4458	1
1413	4490	1
1413	7145	1
1413	7363	1
1414	538	1
1414	817	1
1414	1016	1
1414	5047	1
1415	2556	1
1415	4820	1
1415	5157	1
1416	2377	1
1417	7829	1
1418	4432	1
1418	4531	1
1419	5831	1
1420	510	1
1421	2301	1
1422	3094	1
1423	4886	1
1424	4138	1
1425	1191	1
1426	7465	1
1427	3486	1
1428	1445	1
1428	2837	1
1428	2904	1
1428	3288	1
1428	3686	1
1428	4450	1
1428	5091	1
1428	6552	1
1428	7193	1
1429	6863	1
1430	5458	1
1431	849	1
1432	3819	1
1433	6547	1
1434	3310	1
1435	2635	1
1436	3893	1
1437	3423	1
1438	6909	1
1439	3684	1
1440	7662	1
1441	7320	1
1442	947	1
1443	2818	1
1444	7825	1
1445	7793	1
1446	468	1
1447	1860	1
1447	3061	1
1447	5654	1
1448	4017	1
1449	7736	1
1450	2183	1
1451	7714	1
1452	5870	1
1453	7557	1
1454	7097	1
1455	813	1
1455	2256	1
1455	3843	1
1455	4261	1
1455	4523	1
1455	4526	1
1455	4964	1
1455	5174	1
1455	5853	1
1455	6008	1
1455	6047	1
1455	6140	1
1455	6546	1
1455	7905	1
1456	5843	1
1457	2377	1
1457	4684	1
1458	5994	1
1458	6575	1
1459	5181	1
1460	1794	1
1461	3764	1
1462	5039	1
1463	3061	1
1464	1261	1
1465	596	1
1465	811	1
1465	1248	1
1465	2529	1
1465	2980	1
1465	3324	1
1465	3505	1
1465	3509	1
1465	4029	1
1465	4447	1
1465	5335	1
1465	5421	1
1465	5862	1
1465	6394	1
1465	7058	1
1465	7233	1
1465	7843	1
1465	7878	1
1466	4187	1
1467	5678	1
1468	5660	1
1469	2086	1
1470	3471	1
1470	5878	1
1471	5771	1
1472	4495	1
1473	2334	1
1474	2704	1
1475	2914	1
1476	5380	1
1477	3221	1
1478	5283	1
1479	6609	1
1480	1473	1
1480	2240	1
1480	2704	1
1480	2713	1
1480	4333	1
1480	4937	1
1480	5316	1
1480	5770	1
1480	6026	1
1480	6303	1
1480	7134	1
1480	7861	1
1481	6354	1
1482	701	1
1483	3641	1
1484	7561	1
1485	57	1
1485	3676	1
1486	918	1
1487	5387	1
1488	5302	1
1489	149	1
1489	534	1
1489	3569	1
1490	6047	1
1491	5037	1
1492	2904	1
1493	4077	1
1494	555	1
1495	4348	1
1496	3001	1
1497	2182	1
1497	3236	1
1497	3276	1
1498	2293	1
1498	6308	1
1498	7330	1
1499	7758	1
1500	7904	1
1501	7376	1
1502	5140	1
1503	4798	1
1504	7026	1
1505	7830	1
1506	1383	1
1507	7916	1
1508	4881	1
1509	2513	1
1510	6459	1
1510	7134	1
1511	2002	1
1511	4208	1
1511	4244	1
1512	7577	1
1513	7505	1
1514	16	1
1515	1349	1
1515	1732	1
1515	1750	1
1515	2007	1
1515	2513	1
1515	2544	1
1515	4360	1
1515	7757	1
1516	2002	1
1517	5892	1
1518	3119	1
1518	6768	1
1519	3116	1
1520	7819	1
1521	6145	1
1522	3673	1
1523	2578	1
1524	2659	1
1525	3760	1
1526	3894	1
1527	5995	1
1528	4455	1
1529	1202	1
1530	7817	1
1531	2792	1
1532	6399	1
1533	1669	1
1533	6243	1
1533	6266	1
1534	3763	1
1535	4469	1
1536	5432	1
1536	7516	1
1537	2268	1
1538	6155	1
1539	3608	1
1540	3116	1
1540	6031	1
1540	7079	1
1541	7906	1
1542	7079	1
1543	5012	1
1544	6287	1
1545	4940	1
1546	6692	1
1547	3056	1
1547	3764	1
1547	3866	1
1547	7736	1
1548	4275	1
1549	2904	1
1550	6155	1
1551	4909	1
1552	6120	1
1553	2407	1
1554	2795	1
1555	5383	1
1556	5589	1
1557	7043	1
1558	999	1
1559	2015	1
1560	643	1
1560	5991	1
1561	6302	1
1562	4066	1
1563	5852	1
1564	1853	1
1565	6366	1
1566	3109	1
1567	7168	1
1568	6785	1
1569	3764	1
1570	5879	1
1571	1897	1
1572	5059	1
1572	5674	1
1573	2981	1
1574	2057	1
1575	2652	1
1576	5150	1
1577	7114	1
1578	614	1
1579	6247	1
1580	6543	1
1581	5595	1
1582	2377	1
1582	3100	1
1582	3140	1
1582	3828	1
1582	3903	1
1582	4031	1
1582	4070	1
1582	4093	1
1582	4237	1
1582	4575	1
1582	6131	1
1582	6387	1
1582	6757	1
1583	6806	1
1584	2732	1
1585	5991	1
1586	1216	1
1586	2724	1
1586	4254	1
1586	5384	1
1586	7593	1
1587	1583	1
1588	5421	1
1589	6496	1
1590	5817	1
1591	4873	1
1592	1772	1
1593	823	1
1594	2735	1
1595	7581	1
1596	2733	1
1596	4004	1
1597	655	1
1598	6498	1
1599	6771	1
1600	2430	1
1600	6334	1
1601	6283	1
1602	762	1
1603	1263	1
1604	3045	1
1604	5185	1
1604	5821	1
1605	405	1
1606	2348	1
1606	7679	1
1607	4208	1
1608	5810	1
1609	6752	1
1610	3420	1
1611	7602	1
1612	4951	1
1613	7831	1
1614	4987	1
1615	4492	1
1616	3137	1
1617	3358	1
1618	7329	1
1619	5165	1
1620	6397	1
1621	5506	1
1622	3100	1
1623	5706	1
1624	758	1
1625	4702	1
1626	4236	1
1627	3174	1
1628	631	1
1629	7172	1
1630	77	1
1631	7317	1
1632	3932	1
1633	7330	1
1634	7805	1
1635	120	1
1636	5778	1
1637	3683	1
1638	1234	1
1638	1803	1
1638	2291	1
1638	3967	1
1638	4443	1
1638	4480	1
1638	7659	1
1639	7235	1
1640	6887	1
1641	2598	1
1642	4219	1
1643	402	1
1644	7605	1
1645	6539	1
1646	5256	1
1647	4878	1
1648	3613	1
1649	5227	1
1650	1538	1
1651	4091	1
1651	4494	1
1652	5692	1
1653	1615	1
1653	3128	1
1653	4072	1
1654	5963	1
1655	1243	1
1655	1248	1
1656	5538	1
1656	6526	1
1656	6535	1
1656	7677	1
1657	5063	1
1658	6694	1
1659	2527	1
1659	3296	1
1659	4298	1
1660	3587	1
1661	7485	1
1662	2377	1
1663	4567	1
1664	2737	1
1665	7115	1
1666	7882	1
1667	5624	1
1668	710	1
1669	546	1
1669	3249	1
1669	4017	1
1669	6841	1
1670	5819	1
1671	6367	1
1672	5791	1
1673	853	1
1674	7491	1
1675	565	1
1676	6144	1
1677	6145	1
1677	7699	1
1678	2891	1
1679	2758	1
1679	2767	1
1679	2861	1
1679	3004	2
1679	3054	1
1679	3118	1
1679	3764	1
1679	3916	1
1679	4072	1
1679	4197	1
1679	4237	1
1679	6464	1
1679	7437	1
1679	7460	1
1680	5498	1
1681	7117	1
1682	2707	1
1683	7730	1
1684	4268	1
1685	5928	1
1686	6096	1
1687	5227	1
1688	4365	1
1689	4627	1
1690	6051	1
1691	5144	1
1692	7063	1
1693	1962	1
1694	6052	1
1695	2677	1
1696	4827	1
1697	7305	1
1698	4583	1
1699	0	1
1700	2377	1
1700	2586	1
1700	5205	1
1700	6368	1
1700	7354	1
1700	7479	1
1701	6521	1
1702	6137	1
1703	2722	1
1704	7561	1
1705	4925	1
1706	637	1
1707	3764	1
1708	4788	1
1709	1564	1
1710	4002	1
1710	7758	1
1711	2109	1
1712	6827	1
1713	7431	1
1714	5892	1
1715	1004	1
1716	593	1
1717	3506	1
1718	3680	1
1719	2296	1
1720	2992	1
1721	3680	1
1722	7503	1
1723	649	1
1724	6913	1
1725	1564	1
1726	7236	1
1727	2904	1
1728	4192	1
1729	7044	1
1730	7659	1
1731	4113	1
1732	7744	1
1733	7034	1
1734	6266	1
1735	2377	1
1736	4894	1
1737	986	1
1737	3260	1
1737	3317	1
1737	5853	1
1737	7713	1
1738	6035	1
1739	6302	1
1740	1496	1
1741	4043	1
1742	7174	1
1743	7611	1
1744	6528	1
1745	1110	1
1745	1562	1
1745	1792	1
1745	2488	1
1745	2534	1
1745	2584	1
1745	2617	1
1745	3116	1
1745	4169	1
1745	4969	1
1745	4997	1
1745	5462	1
1745	5816	1
1745	6062	1
1745	6103	1
1745	7555	1
1745	7579	1
1745	7587	1
1746	6002	1
1747	7885	1
1748	5522	1
1749	5036	1
1749	7825	1
1750	4298	1
1751	7710	1
1752	5892	1
1753	5498	1
1754	6414	1
1755	3529	1
1756	4067	1
1757	607	1
1758	3514	1
1759	5347	1
1760	889	1
1761	707	1
1762	7277	1
1763	7485	1
1764	1567	1
1765	5226	1
1766	1921	1
1766	3283	1
1767	6694	1
1768	6545	1
1769	3607	1
1770	3894	1
1771	7910	1
1772	1457	1
1773	7813	1
1774	5149	1
1775	7354	1
1776	4208	1
1777	6301	1
1778	5632	1
1779	6545	1
1779	7819	1
1780	804	1
1781	7789	1
1782	2442	1
1783	2026	1
1784	3782	1
1784	4361	1
1784	4378	1
1784	5892	1
1785	6938	1
1786	2	1
1787	4485	1
1788	538	1
1788	5241	1
1789	7792	1
1790	3899	1
1791	7115	1
1792	6180	1
1793	4455	1
1793	4849	1
1793	5846	1
1793	7163	1
1794	578	1
1795	6798	1
1796	1206	1
1797	5669	1
1798	6112	1
1799	2197	1
1800	4997	1
1801	7079	1
1802	3313	1
1802	4904	1
1802	6545	1
1803	6663	1
1804	1281	1
1805	5765	1
1806	6360	1
1807	4686	1
1808	5042	1
1809	1076	1
1810	7036	1
1811	5892	1
1812	6600	1
1813	7832	1
1814	6442	1
1815	3225	1
1816	780	1
1817	6521	1
1818	2089	1
1819	3449	1
1820	4740	1
1821	5236	1
1822	4181	1
1823	1794	1
1824	2962	1
1825	7700	1
1826	7845	1
1827	1092	1
1828	7485	1
1829	6943	1
1830	7602	1
1831	513	1
1831	3202	1
1831	3258	1
1832	7094	1
1833	210	1
1834	6982	1
1835	3164	1
1835	4947	1
1835	6432	1
1835	7602	1
1836	2100	1
1837	3998	1
1838	3574	1
1839	3114	1
1840	803	1
1840	3983	1
1841	6892	1
1841	7173	1
1842	991	1
1842	6369	1
1842	6396	1
1843	1428	1
1844	4624	1
1845	2077	1
1846	6080	1
1847	2026	1
1848	562	1
1849	1440	1
1850	6333	1
1851	7443	1
1852	1100	1
1852	3382	1
1853	1408	1
1854	6785	1
1855	7699	1
1856	5812	1
1857	4228	1
1858	3980	1
1859	3995	1
1860	3329	1
1861	4403	1
1862	6713	1
1863	6291	1
1864	3070	1
1865	7283	1
1866	1783	1
1866	1956	1
1867	709	1
1867	5989	1
1867	7575	1
1868	2861	1
1869	6302	1
1870	6983	1
1871	7568	1
1872	7659	1
1873	3419	1
1874	1313	1
1875	1070	1
1876	4141	1
1877	1844	1
1878	3764	1
1878	4166	1
1878	4269	1
1878	5250	1
1879	3560	1
1880	2904	1
1881	691	1
1882	7602	1
1883	6122	1
1884	5191	1
1885	1833	1
1886	3036	1
1886	4880	1
1887	2240	1
1888	4213	1
1889	7819	1
1890	5678	1
1891	7447	1
1892	6065	1
1893	1528	1
1894	6368	1
1895	2412	1
1896	3253	1
1897	2941	1
1898	7151	1
1899	3669	1
1899	4208	1
1900	3405	1
1901	4456	1
1902	2670	1
1903	5207	1
1904	624	1
1904	7506	1
1905	2394	1
1906	4919	1
1907	1443	1
1908	4228	1
1909	2410	1
1909	3870	1
1910	7734	1
1911	1164	1
1912	2397	1
1913	7304	1
1914	3106	1
1915	5892	1
1916	5143	1
1917	2541	1
1918	4422	1
1919	7602	1
1920	4500	1
1921	3060	1
1922	4905	1
1923	3131	1
1924	7602	1
1925	2734	1
1925	3764	1
1926	4837	1
1927	4965	1
1928	5846	1
1929	228	1
1929	7213	1
1930	5729	1
1931	4411	1
1932	235	1
1933	937	1
1933	2273	1
1934	263	1
1935	2758	1
1936	7555	1
1937	7131	1
1938	6921	1
1939	1783	1
1940	5213	1
1941	4468	1
1942	3077	1
1943	7861	1
1944	5902	1
1945	7173	1
1946	4355	1
1947	2623	1
1948	7581	1
1949	196	1
1950	2256	1
1951	583	1
1951	7027	1
1952	2571	1
1953	1148	1
1954	4971	1
1955	4926	1
1956	4237	1
1956	4652	1
1957	3000	1
1958	3497	1
1959	3340	1
1960	2170	1
1961	2392	1
1962	1444	1
1963	7513	1
1964	6151	1
1965	2556	1
1966	2010	1
1967	4140	1
1968	2861	1
1968	3914	1
1968	3945	1
1969	7447	1
1970	7574	1
1971	933	1
1971	2638	1
1971	2861	1
1971	2987	1
1971	3004	1
1971	3764	1
1971	4083	1
1971	4380	1
1971	5344	1
1971	5817	1
1971	6370	1
1971	7094	1
1971	7545	1
1971	7662	1
1971	7671	1
1972	7314	1
1973	1681	1
1974	1667	1
1975	1582	1
1976	3870	1
1977	2128	1
1978	4276	1
1979	6077	1
1980	3959	1
1981	2947	1
1981	4413	1
1981	4968	1
1982	3544	1
1983	811	1
1984	3004	1
1985	2270	1
1985	2605	1
1985	3085	1
1985	3359	1
1985	3829	1
1985	3934	1
1985	3982	1
1985	5223	1
1985	6799	1
1985	7027	1
1985	7447	1
1985	7547	1
1986	3241	1
1987	7301	1
1988	6369	1
1989	4468	1
1990	3569	1
1991	2256	1
1992	5390	1
1993	7706	1
1994	2153	1
1995	6633	1
1996	1606	1
1997	1221	1
1998	2114	1
1999	7725	1
2000	3077	1
2001	7588	1
2002	534	1
2003	3713	1
2004	6846	1
2005	2389	1
2006	2861	1
2007	5123	1
2008	3452	1
2009	7561	1
2010	6943	1
2011	5112	1
2012	3548	1
2013	1113	1
2014	3778	1
2015	7066	1
2016	2570	1
2017	3119	1
2018	5418	1
2019	2125	1
2019	2439	1
2019	2553	1
2019	2583	1
2019	2766	2
2019	2842	1
2019	2900	1
2019	2959	1
2019	3004	2
2019	3047	1
2019	3131	1
2019	3592	1
2019	4173	1
2019	4204	1
2019	4256	1
2019	5187	1
2019	5920	1
2019	7284	1
2019	7510	1
2019	7736	1
2020	4890	1
2021	1145	1
2021	2997	1
2022	3746	1
2023	3584	1
2023	5416	1
2024	1362	1
2024	5644	1
2024	7555	1
2025	5184	1
2026	7799	1
2027	1298	1
2028	3254	1
2029	5025	1
2030	1126	1
2031	7317	1
2032	1024	1
2033	7769	1
2034	4998	1
2035	3764	1
2036	4119	1
2037	5166	1
2038	1697	1
2039	1797	1
2040	7435	1
2041	5729	1
2042	3116	1
2043	3218	1
2043	5415	1
2043	7172	1
2043	7819	1
2044	3943	1
2045	6943	1
2046	3764	1
2046	7460	1
2047	1776	1
2048	649	1
2048	1390	1
2048	4126	1
2048	7742	1
2049	6302	1
2050	5234	1
2051	3934	1
2052	2861	1
2053	4892	1
2053	7793	1
2054	1847	1
2055	3764	1
2056	5493	1
2057	3377	1
2058	3996	1
2059	6466	1
2060	2377	1
2061	1255	1
2061	2460	1
2061	3855	1
2061	5493	1
2061	6356	1
2061	6633	1
2061	7736	1
2062	1303	1
2063	1098	1
2063	1618	1
2063	1902	1
2063	2425	1
2063	2861	1
2063	3550	1
2063	3979	1
2063	5009	1
2063	7922	1
2064	5729	1
2065	5968	1
2066	4520	1
2067	5126	1
2068	5022	1
2069	7160	1
2070	6466	1
2071	2377	2
2071	2716	1
2071	3327	1
2071	4005	1
2071	4212	1
2071	6367	1
2071	7317	1
2071	7573	1
2071	7825	1
2072	1831	1
2073	3293	1
2074	2231	1
2075	2377	1
2076	676	1
2077	6034	1
2077	6568	1
2078	6609	1
2079	5538	1
2080	6386	1
2081	1189	1
2082	4231	1
2082	7134	1
2083	6948	1
2084	4337	1
2085	4182	1
2086	5466	1
2087	4827	1
2088	3617	1
2088	5892	1
2089	3837	1
2090	4907	1
2091	7326	1
2092	7283	1
2093	1480	1
2094	4361	1
2095	7188	1
2096	862	1
2097	6419	1
2098	2537	1
2098	2704	1
2099	1951	1
2100	3344	1
2101	2026	1
2101	3004	1
2101	3069	1
2101	3473	1
2101	3893	1
2101	7481	1
2102	5348	1
2103	898	1
2104	5535	1
2105	3168	1
2106	2808	1
2107	2583	1
2107	3068	1
2107	5426	1
2107	7128	1
2107	7727	1
2108	1966	1
2108	3920	1
2109	2661	1
2110	1982	1
2111	5481	1
2112	678	1
2112	3129	1
2112	3855	1
2112	4718	1
2112	6943	1
2113	2745	1
2113	2750	1
2113	2861	1
2113	2871	1
2113	2973	1
2113	3004	1
2113	3116	1
2113	3142	1
2113	3890	1
2113	4133	1
2113	4176	1
2113	4237	1
2113	5424	1
2113	6711	1
2113	6947	1
2113	7912	1
2114	2904	1
2114	2912	1
2115	2039	1
2116	6224	1
2117	4276	1
2118	4636	1
2119	2726	1
2120	6356	1
2121	6056	1
2122	7602	1
2123	879	1
2124	3764	1
2124	4858	1
2125	666	1
2126	544	1
2127	4640	1
2128	5721	1
2129	3030	1
2130	3764	1
2131	3124	1
2132	7070	1
2133	2381	1
2133	7191	1
2134	1448	1
2135	2944	1
2136	6084	1
2137	23	1
2137	2261	1
2137	2904	1
2137	3116	1
2138	4947	1
2139	3764	1
2140	3242	1
2141	4609	1
2142	3764	1
2142	7128	1
2142	7623	1
2143	1866	1
2144	2401	1
2145	2310	1
2146	2578	1
2147	6815	1
2148	5674	1
2149	7602	1
2150	3542	1
2151	4496	1
2152	3433	1
2153	3202	1
2154	2529	1
2155	1746	1
2156	4959	1
2157	2096	1
2158	7806	1
2159	3237	1
2160	6367	1
2161	3478	1
2162	2212	1
2163	5105	1
2164	6616	1
2165	7819	1
2166	5669	1
2167	2055	1
2167	2862	1
2168	3471	1
2169	6620	1
2170	5817	1
2171	1527	1
2172	892	1
2173	7926	1
2174	2284	1
2175	5424	1
2176	5247	1
2177	3992	1
2178	1262	1
2179	4110	1
2180	3311	1
2180	6896	1
2180	7157	1
2181	3765	1
2182	2914	1
2183	1142	1
2184	7730	1
2185	5967	1
2186	3730	1
2187	1192	1
2188	833	1
2189	2930	1
2190	5537	1
2191	7299	1
2192	5730	1
2193	7770	1
2194	1141	1
2194	2770	1
2194	3004	1
2194	3104	1
2194	3764	1
2194	4072	1
2194	4166	1
2194	4188	1
2194	4237	1
2194	6184	1
2194	7128	1
2194	7581	1
2195	3419	1
2196	6136	1
2197	7219	1
2198	1862	1
2199	4652	1
2200	5432	1
2201	802	1
2202	734	1
2203	5213	1
2204	5844	1
2205	4170	1
2205	6758	1
2205	6896	1
2206	7285	1
2207	6301	1
2208	6780	1
2209	7672	1
2210	1591	1
2211	5234	1
2212	2933	1
2212	5498	1
2212	6368	1
2212	7548	1
2213	2678	1
2214	1124	1
2215	7358	1
2216	3764	1
2217	4364	1
2218	5416	1
2219	3914	1
2220	24	1
2221	3197	1
2222	4799	1
2223	7083	1
2224	4063	1
2225	3599	1
2226	5626	1
2227	2767	1
2227	2939	1
2227	3004	1
2227	3574	1
2227	3898	1
2227	3911	1
2227	4237	4
2227	4258	1
2227	4760	1
2227	6127	1
2227	7315	1
2228	2734	1
2229	3630	1
2230	6368	1
2231	4072	1
2232	4064	1
2233	7172	1
2234	1877	1
2235	4177	1
2235	7487	1
2236	6	1
2236	5141	1
2237	7237	1
2238	2585	1
2239	3433	1
2240	6943	1
2241	6805	1
2242	7602	1
2243	6034	1
2244	7909	1
2245	7049	1
2246	1274	1
2246	2502	1
2246	2867	1
2246	3710	1
2246	3973	1
2246	4784	1
2246	5270	1
2246	6521	1
2247	1876	1
2247	3245	1
2247	3339	1
2248	3344	1
2249	3925	1
2250	2018	1
2250	2649	1
2250	7471	1
2251	6093	1
2252	3817	1
2253	1480	1
2254	2542	1
2255	5871	1
2256	541	1
2256	3149	1
2256	6900	1
2256	7468	1
2257	6145	1
2258	4542	1
2259	1660	1
2260	6545	1
2261	2189	1
2262	3014	1
2263	1816	1
2263	1858	1
2263	4517	1
2263	6445	1
2264	5250	1
2265	6871	1
2266	7314	1
2267	2748	1
2268	4010	1
2268	6943	1
2269	3161	1
2270	4228	1
2270	6145	1
2270	7602	1
2271	3116	1
2272	1001	1
2273	3944	1
2274	3764	1
2275	4576	1
2276	3627	1
2277	5608	1
2278	3184	1
2279	4916	1
2280	3728	1
2281	7819	1
2282	7061	1
2283	3880	1
2284	1344	1
2285	2381	1
2286	1069	1
2287	1336	1
2288	3729	1
2289	1956	1
2289	5067	1
2289	7570	1
2290	7865	1
2291	7638	1
2292	7641	1
2293	6891	1
2294	4910	1
2295	3101	1
2296	3599	1
2297	2627	1
2298	1648	1
2299	1709	1
2299	3606	1
2299	6338	1
2300	2440	1
2301	4804	1
2302	3757	1
2303	1509	1
2304	1039	1
2305	7581	1
2306	3764	1
2306	5795	1
2307	4603	1
2307	7914	1
2308	1552	1
2309	6806	1
2310	4987	1
2311	1125	1
2312	5875	1
2313	1370	1
2313	2477	1
2314	4052	1
2315	3619	1
2316	4603	1
2317	5522	1
2318	2542	1
2318	2904	1
2318	5223	1
2319	1045	1
2319	2505	1
2319	6477	1
2320	4189	1
2321	7900	1
2322	7134	1
2323	1124	1
2323	7784	1
2324	6251	1
2325	4103	1
2326	3508	1
2327	4064	1
2328	6857	1
2329	6313	1
2330	2158	1
2331	3523	1
2332	7659	1
2333	5939	1
2334	5440	1
2335	2129	1
2335	2767	1
2335	4135	1
2336	2046	1
2337	1343	1
2337	1534	1
2337	3484	1
2337	6460	1
2338	7817	1
2339	4507	1
2340	5782	1
2341	1203	1
2342	7442	1
2343	6922	1
2344	5373	1
2345	4131	1
2346	4188	1
2346	6726	1
2347	4666	1
2348	7890	1
2349	5346	1
2350	23	1
2350	1062	1
2350	3907	1
2350	5191	1
2350	5635	1
2350	5670	1
2351	4832	1
2352	3218	1
2352	4153	1
2353	4009	1
2354	5892	1
2355	5232	1
2356	1826	1
2357	5718	1
2358	3544	1
2359	7897	1
2360	304	1
2361	6292	1
2362	4197	1
2363	6354	1
2364	1047	1
2364	2531	1
2365	5492	1
2366	1697	1
2367	1183	1
2368	7861	1
2369	5208	1
2370	1209	1
2371	7862	1
2372	4012	1
2373	1330	1
2374	7173	1
2375	1791	1
2376	1721	1
2377	7480	1
2378	3825	1
2379	4189	1
2379	5403	1
2380	1880	1
2381	3805	1
2382	3116	1
2383	5031	1
2384	4789	1
2385	5574	1
2386	6463	1
2387	6717	1
2388	1114	1
2389	5862	1
2390	3169	1
2391	7223	1
2392	4597	1
2393	2205	1
2394	3378	1
2395	7396	1
2396	4067	1
2397	7140	1
2398	3367	1
2399	7738	1
2400	6408	1
2401	1724	1
2402	1675	1
2402	7838	1
2403	2952	1
2403	3002	1
2403	3764	1
2403	3905	1
2403	3933	1
2403	4647	1
2403	5885	1
2404	7158	1
2405	4122	1
2406	7652	1
2407	1252	1
2408	570	1
2409	5656	1
2410	3410	1
2411	1211	1
2411	4916	1
2412	3764	1
2413	6548	1
2414	3643	1
2415	3640	1
2416	1661	1
2417	1828	1
2418	1347	1
2419	2876	1
2419	5892	1
2420	3072	1
2421	5367	1
2422	3894	1
2423	1979	1
2424	3764	1
2425	3421	1
2426	2904	1
2427	2904	1
2428	7175	1
2429	1144	1
2429	1251	1
2429	1312	1
2429	1325	1
2429	1479	1
2429	2752	1
2429	2754	1
2429	2765	1
2429	2789	1
2429	2904	1
2429	2905	1
2429	3004	3
2429	3116	2
2429	3536	1
2429	3591	1
2429	3784	1
2429	3813	1
2429	3896	1
2429	4019	1
2429	4067	1
2429	4189	1
2429	4249	1
2429	4258	1
2429	4269	1
2429	4276	1
2429	4743	1
2429	4777	1
2429	5882	1
2429	5884	1
2429	7632	1
2429	7767	1
2430	4476	1
2431	1744	1
2431	5557	1
2432	1190	1
2433	5825	1
2434	2718	1
2434	4325	1
2435	6521	1
2436	3293	1
2437	7546	1
2438	2761	1
2438	2904	1
2438	3116	1
2438	3979	1
2439	5784	1
2440	1406	1
2441	1205	1
2441	7439	1
2442	3361	1
2443	3502	1
2444	2880	1
2445	5872	1
2446	1606	1
2447	1412	1
2447	1628	1
2447	1640	1
2447	2617	1
2447	2848	1
2447	2875	1
2447	2922	1
2447	2976	1
2447	3004	1
2447	3345	1
2447	3598	1
2447	3745	1
2447	3788	1
2447	4009	1
2447	4036	1
2447	4171	1
2447	4375	1
2447	4552	1
2447	4711	1
2447	5160	1
2447	5892	1
2447	6145	1
2447	6396	1
2448	3764	1
2449	2071	1
2450	7415	1
2451	5312	1
2452	6648	1
2453	2780	1
2454	3971	1
2455	7280	1
2456	5590	1
2457	3961	1
2458	6586	1
2459	7340	1
2460	5748	1
2461	7156	1
2462	2754	1
2463	1424	1
2463	5835	1
2464	7604	1
2465	1368	1
2466	2894	1
2466	3116	1
2466	7478	1
2467	1292	1
2468	7200	1
2469	7501	1
2470	6169	1
2471	6511	1
2472	3032	1
2473	1003	1
2474	4204	1
2475	2904	1
2476	4380	1
2477	4647	1
2478	1066	1
2479	1390	1
2480	3964	1
2481	6975	1
2482	1006	1
2482	1632	1
2482	3709	1
2482	5244	1
2482	7040	1
2482	7424	1
2483	7647	1
2484	2554	1
2485	4579	1
2486	3004	1
2486	5050	1
2487	4122	1
2488	1452	1
2489	478	1
2490	2883	1
2491	7366	1
2492	6088	1
2493	1676	1
2494	1902	1
2495	2152	1
2496	2196	1
2496	6950	1
2497	2016	1
2498	4904	1
2499	6181	1
2500	2504	1
2501	2925	1
2501	3979	1
2502	1856	1
2503	1038	1
2503	2675	1
2503	6242	1
2504	5747	1
2505	2673	1
2506	6701	1
2507	2934	1
2508	3614	1
2509	1381	1
2510	5947	1
2511	4371	1
2512	2228	1
2513	1861	1
2514	1055	1
2515	2097	1
2515	2953	1
2515	3298	1
2515	5283	1
2515	6380	1
2516	557	1
2517	6282	1
2518	1965	1
2519	6283	1
2520	4709	1
2521	644	1
2522	2837	1
2522	5438	1
2523	4429	1
2524	1612	1
2525	5506	1
2526	2074	1
2527	5831	1
2528	1282	1
2529	3318	1
2529	3672	1
2529	4004	1
2529	4039	1
2529	4220	1
2529	4733	1
2529	5554	1
2529	7005	1
2530	2992	1
2531	1298	1
2531	1412	1
2531	6938	1
2532	5005	1
2533	2123	1
2534	5771	1
2535	1369	1
2536	7546	1
2537	3536	1
2538	5718	1
2539	3885	1
2540	2479	1
2541	7799	1
2542	1884	1
2543	3671	1
2544	5636	1
2545	6581	1
2546	6806	1
2547	1157	1
2548	7543	1
2549	2277	1
2550	7541	1
2551	6271	1
2552	4271	1
2553	3635	1
2554	2151	1
2555	3116	1
2556	7309	1
2557	4574	1
2558	3523	1
2559	7617	1
2560	5109	1
2561	2620	1
2562	7461	1
2563	5531	1
2564	621	1
2564	1315	1
2564	2458	1
2564	2755	1
2564	2885	1
2564	2904	1
2564	3129	1
2564	3151	1
2564	3789	1
2564	3804	1
2564	3911	1
2564	4203	1
2564	4266	1
2564	4411	1
2564	4838	1
2565	963	1
2566	7722	1
2567	4919	1
2568	5004	1
2569	1023	1
2570	1369	1
2570	2904	1
2570	3004	1
2570	3776	1
2570	4111	1
2570	4237	2
2570	5727	1
2570	5753	1
2571	6659	1
2572	1129	1
2573	1344	1
2574	7443	1
2575	3615	1
2576	1429	1
2577	1570	1
2578	4022	1
2579	1404	1
2580	1679	1
2581	7526	1
2582	6223	1
2583	3019	1
2584	6656	1
2585	1464	1
2586	3743	1
2587	6800	1
2588	2244	1
2589	4147	1
2590	7830	1
2591	2501	1
2592	5936	1
2593	2224	1
2594	2080	1
2594	2481	1
2594	2767	1
2594	2982	1
2594	3008	1
2594	3109	1
2594	3116	1
2594	3764	1
2594	3884	1
2594	4237	1
2594	5859	1
2595	2394	1
2596	7044	1
2597	3526	1
2598	1131	1
2599	7632	1
2600	1858	1
2601	227	1
2602	6511	1
2603	5747	1
2604	7641	1
2605	1233	1
2606	6540	1
2607	2542	1
2608	3779	1
2609	1001	1
2610	4136	1
2611	5134	1
2612	1489	1
2613	4080	1
2614	4650	1
2615	2766	1
2615	4947	1
2616	6457	1
2617	7825	1
2618	2624	1
2619	5607	1
2620	6923	1
2621	2545	1
2621	3918	1
2622	2564	1
2623	2594	1
2624	4237	1
2625	605	1
2626	1061	1
2627	3298	1
2628	1566	1
2628	3133	1
2629	4684	1
2630	3970	1
2631	3842	1
2631	4455	1
2632	1762	1
2633	4127	1
2634	7576	1
2635	7312	1
2636	3874	1
2637	7856	1
2638	2862	1
2639	7188	1
2640	1399	1
2641	7459	1
2642	7641	1
2643	6728	1
2644	5569	1
2645	7551	1
2646	2193	1
2647	6083	1
2648	3961	1
2649	4521	1
2650	5406	1
2651	2293	1
2652	4931	1
2653	1711	1
2654	5987	1
2655	4158	1
2656	6531	1
2657	7228	1
2658	7128	1
2659	6943	1
2660	5578	1
2661	1817	1
2662	4100	1
2663	2460	1
2664	5383	1
2665	1121	1
2666	2065	1
2667	1621	1
2668	2839	1
2669	2975	1
2670	6709	1
2671	3849	1
2672	1723	1
2673	3764	1
2674	6977	1
2675	2427	1
2676	4901	1
2677	3816	1
2678	2216	1
2679	7617	1
2680	5931	1
2681	1243	1
2682	1421	1
2683	4542	1
2684	2115	1
2685	2147	1
2686	1511	1
2687	1316	1
2688	1876	1
2689	4703	1
2689	6296	1
2690	4276	1
2691	5846	1
2691	7004	1
2692	1593	1
2693	5341	1
2694	4489	1
2695	5686	1
2696	3707	1
2697	5853	1
2698	7185	1
2699	5962	1
2700	1042	1
2701	2562	1
2702	1701	1
2703	4899	1
2704	7799	1
2705	1180	1
2706	412	1
2707	3512	1
2708	2498	1
2709	3621	1
2710	4219	1
2711	5232	1
2712	7659	1
2713	892	1
2714	4204	1
2715	6896	1
2716	2719	1
2717	2542	1
2718	5881	1
2719	6081	1
2720	1353	1
2721	7140	1
2722	2750	1
2722	3523	1
2722	4237	1
2723	5061	1
2724	4189	1
2724	6794	1
2725	3312	1
2726	2591	1
2727	4859	1
2728	6732	1
2729	6248	1
2730	5296	1
2731	735	1
2732	1713	1
2732	1997	1
2732	6561	1
2733	2377	1
2734	1340	1
2735	4124	1
2736	3342	1
2737	5476	1
2738	4963	1
2739	3146	1
2740	1205	1
2741	3855	1
2741	5017	1
2742	6555	1
2743	4147	1
2744	4991	1
2745	7632	1
2746	4940	1
2747	5373	1
2747	7359	1
2748	7	1
2748	2957	1
2748	3149	1
2748	3515	1
2748	5706	1
2748	5738	1
2749	7685	1
2750	5399	1
2751	7010	1
2752	6126	1
2753	7161	1
2754	3230	1
2755	4237	1
2756	2710	1
2757	5205	1
2758	1784	1
2759	2302	1
2760	2751	1
2761	2995	1
2762	4292	1
2763	3633	1
2764	7680	1
2765	2341	1
2766	2028	1
2767	6970	1
2768	2300	1
2769	2537	1
2770	3794	1
2771	6759	1
2772	1685	1
2773	6999	1
2774	2505	1
2775	6283	1
2776	6799	1
2777	2925	1
2777	3013	1
2778	7602	1
2779	2056	1
2780	3527	1
2781	1319	1
2782	5051	1
2783	1063	1
2783	2129	1
2783	2151	1
2783	3141	1
2783	3835	1
2783	4369	1
2784	7513	1
2785	6507	1
2786	2803	1
2787	7652	1
2788	1758	1
2789	1120	1
2790	2710	1
2791	7077	1
2792	7463	1
2793	6038	1
2794	5902	1
2795	3109	1
2796	5218	1
2797	1263	1
2798	6570	1
2799	1322	1
2800	6037	1
2801	3422	1
2802	3967	1
2803	5460	1
2804	2129	1
2804	4963	1
2804	7193	1
2805	5635	1
2806	6545	1
2807	7914	1
2808	2766	1
2808	2952	1
2808	3508	1
2808	3746	1
2808	4064	1
2808	4067	1
2808	4204	1
2808	6587	1
2809	4195	1
2810	6472	1
2811	1446	1
2812	7568	1
2813	2870	1
2814	2904	1
2815	7085	1
2816	7416	1
2817	2296	1
2818	1769	1
2819	7429	1
2820	748	1
2821	2078	1
2821	4212	1
2822	1778	1
2823	2504	1
2824	4832	1
2825	1931	1
2826	1021	1
2826	1812	1
2827	3919	1
2828	3023	1
2829	2805	1
2830	7553	1
2831	1743	1
2832	1501	1
2833	3604	1
2834	2709	1
2835	2310	1
2836	2346	1
2837	1584	1
2838	5019	1
2839	1703	1
2840	3116	1
2841	6317	1
2842	1120	1
2843	7158	1
2844	1757	1
2845	2159	1
2846	3842	1
2847	6959	1
2848	1688	1
2849	1526	1
2850	5251	1
2851	2311	1
2852	1671	1
2853	1682	1
2853	1785	1
2853	2926	1
2853	3777	1
2853	5754	1
2853	6396	1
2854	7877	1
2855	4517	1
2856	3990	1
2857	2542	1
2858	3764	1
2859	7128	1
2860	2664	1
2860	3004	1
2860	3764	1
2860	4112	1
2860	5887	1
2861	7906	1
2862	1677	1
2863	318	1
2864	2920	1
2865	2542	1
2866	1543	1
2867	3728	1
2868	4702	1
2869	2551	1
2870	3703	1
2871	2157	1
2872	7593	1
2873	2153	1
2874	2904	1
2875	2153	1
2876	1949	1
2877	3764	1
2878	3945	1
2878	7079	1
2879	3695	1
2880	1826	1
2881	2159	1
2882	3169	1
2883	2542	1
2884	292	1
2885	1235	1
2886	5962	1
2887	1947	1
2888	2659	1
2889	3955	1
2890	5003	1
2891	1414	1
2892	6243	1
2893	3254	1
2894	7699	1
2895	2556	1
2896	5817	1
2897	3465	1
2898	7149	1
2899	6862	1
2900	5251	1
2901	5664	1
2902	3770	1
2903	3976	1
2904	4319	1
2905	3766	1
2906	2966	1
2906	4237	1
2907	5116	1
2908	3805	1
2909	1416	1
2910	6745	1
2911	1967	1
2912	4141	1
2913	2876	1
2914	1942	1
2915	5741	1
2916	7391	1
2917	1540	1
2918	2463	1
2919	2906	1
2919	2998	1
2919	3116	1
2920	3797	1
2921	5220	1
2922	6999	1
2923	3613	1
2924	542	1
2925	2374	1
2925	7385	1
2926	6588	1
2927	6870	1
2928	1745	1
2929	7693	1
2930	6726	1
2931	1633	1
2931	3896	1
2932	3625	1
2933	4750	1
2934	7856	1
2935	7178	1
2936	4718	1
2937	934	1
2938	1710	1
2939	1424	1
2940	3652	1
2941	4465	1
2942	2973	1
2943	6060	1
2944	7861	1
2945	7602	1
2946	6638	1
2947	5390	1
2948	6085	1
2949	6933	1
2950	6457	1
2951	3764	1
2952	3791	1
2953	3608	1
2954	4583	1
2955	3894	1
2956	7127	1
2957	3764	1
2958	1426	1
2959	3943	1
2960	6060	1
2961	6308	1
2962	6073	1
2963	742	1
2964	7706	1
2965	1377	1
2966	2287	1
2967	7305	1
2968	1767	1
2969	4464	1
2970	6806	1
2971	5651	1
2972	3566	1
2973	7056	1
2974	1426	1
2975	2817	1
2976	5191	1
2977	1424	1
2978	7385	1
2979	2091	1
2980	6308	1
2981	6239	1
2982	4691	1
2983	1779	1
2984	6683	1
2985	1411	1
2986	3942	1
2987	4678	1
2988	1867	1
2989	2940	1
2990	7856	1
2991	6954	1
2992	2994	1
2993	7601	1
2994	6373	1
2995	2787	1
2996	1985	1
2997	4941	1
2998	1623	1
2999	1946	1
3000	11	1
3001	1871	1
3002	3955	1
3003	1791	1
3003	2472	1
3003	4489	1
3004	1671	1
3004	6344	1
3005	4212	1
3006	2037	1
3007	4922	1
3008	7831	1
3009	5941	1
3010	4516	1
3011	5074	1
3012	7086	1
3013	3444	1
3014	3785	1
3015	1875	1
3016	1895	1
3016	7900	1
3017	5267	1
3018	479	1
3019	4408	1
3020	2537	1
3021	4860	1
3022	1735	1
3023	5713	1
3024	1602	1
3025	5430	1
3026	6360	1
3027	6154	1
3028	3329	1
3029	3914	1
3030	3979	1
3031	7336	1
3032	7526	1
3033	1610	1
3034	2005	1
3035	7079	1
3036	2739	1
3037	6288	1
3038	1575	1
3039	7188	1
3040	5651	1
3041	2602	1
3042	5718	1
3043	7748	1
3044	6586	1
3045	1284	1
3046	7535	1
3047	1840	1
3048	5365	1
3049	1761	1
3050	2501	1
3051	348	1
3052	1258	1
3053	2660	1
3054	2368	1
3055	4245	1
3056	1840	1
3057	3254	1
3058	7706	1
3059	7604	1
3060	5661	1
3061	5208	1
3062	1952	1
3063	4910	1
3064	6903	1
3065	3973	1
3066	1450	1
3066	7581	1
3067	7242	1
3068	7458	1
3069	3701	1
3069	6985	1
3070	3391	1
3071	4214	1
3072	7271	1
3073	6710	1
3074	2152	1
3075	3764	1
3076	1404	1
3077	3764	1
3078	7745	1
3079	2478	1
3080	3116	1
3080	4154	1
3080	4204	1
3081	5678	1
3082	1818	1
3083	2096	1
3084	1907	1
3085	6301	1
3086	2377	1
3087	1651	1
3088	7638	1
3089	1926	1
3090	7861	1
3091	7128	1
3092	3116	1
3093	6721	1
3094	1424	1
3095	7819	1
3096	2457	1
3097	1891	1
3098	6587	1
3099	1700	1
3100	7893	1
3101	6586	1
3102	3764	1
3103	6436	1
3104	5543	1
3105	5532	1
3106	7164	1
3107	5349	1
3108	1838	1
3109	6118	1
3110	1901	1
3111	15	1
3112	1796	1
3112	4919	1
3112	6343	1
3113	4449	1
3114	1695	1
3115	7599	1
3116	3352	1
3117	2861	1
3118	5035	1
3119	6107	1
3120	5878	1
3121	6321	1
3122	827	1
3123	7751	1
3124	3818	1
3125	1468	1
3126	1593	1
3127	6025	1
3128	1841	1
3128	1987	1
3129	4072	1
3130	7495	1
3131	2519	1
3132	1830	1
3133	7289	1
3134	1876	1
3135	3799	1
3136	3465	1
3137	2977	1
3138	4189	1
3139	4593	1
3140	1940	1
3141	7720	1
3142	1798	1
3143	1949	1
3144	2060	1
3145	4932	1
3146	7193	1
3147	1958	1
3148	641	1
3148	6922	1
